5
49
15
24
24
75
32
64
88
27
66
55
29
81
73
71
92
80
74
8
1
30
27
64
70
41
66
10
21
51
55
19
12
46
74
63
88
37
73
59
22
28
27
94
72
51
88
37
53
43
55
95
40
38
52
40
21
73
81
15
97
63
77
64
85
13
92
50
37
75
18
36
3
65
38
26
84
20
67
39
59
4
51
55
21
70
9
46
12
35
18
97
84
64
97
75
72
37
19
22
1
20
75
40
36
22
68
80
25
73
91
34
14
72
54
30
55
93
84
28
69
41
14
73
76
29
6
27
80
57
86
84
7
30
33
70
92
91
54
9
17
7
97
68
20
45
65
62
70
63
54
92
7
85
55
47
77
45
41
63
1
61
70
84
54
30
34
94
21
77
62
20
4
16
38
35
27
76
88
4
51
91
11
81
16
12
46
29
94
51
79
16
12
23
32
49
83
11
51
92
3
8
40
98
41
40
28
83
82
37
59
23
61
18
28
59
50
51
23
76
85
90
6
35
74
52
58
75
87
37
2
10
71
94
33
51
36
24
66
85
72
89
60
83
56
9
20
77
36
93
33
13
84
28
31
52
52
21
33
16
20
95
13
12
89
21
13
97
26
93
21
18
99
15
93
28
47
65
6
86
53
51
31
72
7
1
33
59
86
97
63
13
43
13
8
46
47
15
84
47
88
7
51
68
51
42
55
13
54
70
9
10
68
79
26
1
45
18
37
98
46
28
62
70
33
58
82
4
58
32
63
65
48
2
47
9
3
37
16
78
52
94
90
62
72
61
40
97
38
10
38
84
18
56
87
73
62
21
69
92
45
25
39
82
100
60
45
31
99
43
2
37
20
13
25
36
100
85
32
23
52
17
93
76
15
35
14
39
7
8
99
69
51
47
36
19
13
100
74
87
53
97
8
23
91
48
13
17
60
62
43
12
51
45
26
59
55
39
75
74
90
72
96
65
16
69
51
74
2
35
7
57
53
24
34
33
79
99
35
46
59
36
39
74
18
46
95
71
22
43
77
62
49
48
2
5
29
17
52
74
94
50
2
73
72
34
27
54
94
82
69
92
70
21
41
41
30
57
98
31
32
64
34
43
59
8
64
79
23
4
23
38
3
4
98
72
99
23
85
100
66
6
25
78
25
3
1
36
85
41
80
48
24
24
42
11
85
34
30
62
65
6
43
42
15
13
39
64
92
27
97
69
100
48
95
51
29
37
13
5
91
74
35
96
36
62
14
19
21
33
64
45
32
19
51
58
19
79
31
49
92
87
62
55
32
40
84
9
46
19
80
51
91
86
15
14
38
92
79
80
89
13
100
69
52
90
62
84
31
10
56
1
84
74
63
75
92
39
89
74
55
35
29
28
19
20
29
15
15
28
41
92
35
30
56
12
23
37
99
49
95
64
72
55
59
14
74
20
80
70
94
83
1
11
97
93
3
49
30
5
64
16
91
26
58
26
20
36
4
92
46
22
3
96
31
83
65
19
57
79
96
62
49
24
12
57
91
56
87
92
84
39
86
87
52
17
85
97
51
74
18
74
52
83
83
2
99
91
60
51
56
39
84
96
23
65
39
88
61
98
71
52
96
85
37
85
20
20
88
71
2
42
24
65
33
74
11
56
29
24
29
58
22
30
30
22
73
98
19
71
11
64
69
20
85
63
37
83
26
73
14
75
32
42
35
6
81
57
77
19
59
78
56
71
4
16
80
40
38
58
51
52
36
97
4
51
98
41
16
60
81
18
41
57
55
53
85
58
51
69
35
89
33
97
22
45
89
33
55
44
47
3
48
62
98
98
49
13
18
98
26
35
36
2
77
76
20
70
69
39
75
89
73
89
58
61
99
31
21
16
16
48
72
46
71
91
100
59
78
13
82
24
90
13
41
100
80
39
1
85
17
37
22
22
83
54
47
55
72
61
95
73
49
62
36
59
28
70
14
88
71
35
65
69
36
41
92
32
49
39
35
86
81
48
16
10
47
43
55
69
34
88
26
7
26
39
48
28
50
11
77
69
37
91
84
61
15
53
94
83
61
75
75
56
85
27
39
77
51
18
72
6
58
64
41
63
22
69
91
27
55
44
15
51
97
87
43
67
31
36
37
23
17
82
10
4
67
89
67
90
100
93
17
77
2
5
37
27
9
75
52
36
31
39
88
26
2
19
95
98
18
48
79
77
23
4
73
90
20
47
68
48
29
14
62
68
66
87
98
62
54
42
58
73
10
70
42
22
79
29
93
49
81
79
64
43
89
97
56
39
54
39
63
18
82
45
93
49
81
19
87
18
23
56
40
91
64
26
90
42
72
69
69
2
11
30
50
60
51
31
43
65
7
77
5
10
67
69
40
1
91
69
88
95
99
48
27
60
24
41
75
70
19
91
2
25
99
10
25
72
3
53
67
100
26
58
39
96
51
38
96
1
91
72
87
84
96
42
95
82
46
59
49
5
94
58
76
25
14
77
26
80
82
89
35
79
28
49
23
52
59
62
35
29
72
60
91
55
23
41
37
76
6
43
32
93
54
25
1
13
4
39
9
62
37
16
16
66
74
87
7
7
30
77
74
72
99
10
3
63
97
86
46
6
96
28
31
1
92
50
17
89
12
70
69
5
27
69
5
80
12
99
73
73
32
58
70
56
29
26
89
66
83
8
63
76
81
18
4
33
97
84
9
29
100
83
75
33
23
64
5
69
86
47
90
80
85
10
47
86
36
95
36
40
59
85
50
90
38
26
9
69
54
62
60
35
56
49
98
31
52
28
73
5
35
46
93
42
92
79
28
22
34
56
39
85
14
23
69
69
25
36
40
94
64
88
26
98
8
79
39
62
10
83
36
62
3
37
57
40
27
27
10
46
44
4
48
69
61
16
64
23
90
7
94
3
60
82
86
84
20
67
72
44
100
63
9
49
11
1
33
49
53
87
66
89
11
71
19
44
74
31
74
77
50
71
88
25
39
97
28
88
83
14
98
41
46
49
21
94
81
3
73
93
7
24
100
66
21
63
64
65
26
30
52
21
12
12
13
19
93
73
50
11
50
56
8
46
79
76
12
48
80
48
87
17
91
6
92
55
78
69
78
98
12
62
73
40
24
29
75
83
46
62
51
55
42
3
77
61
19
7
70
65
33
58
68
45
63
55
84
77
57
26
7
58
79
47
93
61
83
34
4
49
8
81
20
74
28
57
53
49
8
96
16
50
90
14
9
54
56
31
70
40
92
37
40
94
56
51
96
14
19
27
90
97
80
6
63
43
39
31
19
45
34
44
45
24
21
82
100
26
2
53
72
39
36
7
69
80
4
29
87
81
74
21
77
2
5
10
99
13
17
19
93
36
51
77
52
70
9
63
96
10
48
77
29
51
93
58
54
48
31
61
94
30
31
49
53
98
87
78
34
80
77
82
71
83
48
90
100
93
47
32
93
83
85
35
22
79
42
73
96
41
76
62
85
7
16
100
50
71
62
49
94
54
43
74
50
98
29
73
90
44
15
74
94
59
54
54
88
26
87
98
53
80
96
5
62
6
47
9
69
10
32
35
15
38
86
9
63
62
29
16
59
20
41
72
64
80
11
74
43
47
25
7
81
67
32
45
18
81
72
97
13
45
30
44
26
9
93
70
63
44
61
29
24
64
86
74
90
96
33
42
77
43
75
93
51
3
8
22
68
52
51
36
68
65
28
93
71
16
34
93
49
98
80
18
2
48
97
100
48
49
31
31
58
6
34
60
58
37
43
73
17
85
90
35
42
76
6
95
83
96
55
15
13
79
30
19
17
29
80
46
1
24
17
49
83
8
79
10
84
35
79
65
99
81
2
100
9
70
31
45
34
91
53
32
34
59
3
8
10
69
38
44
82
48
11
4
58
59
26
83
45
68
63
33
40
70
13
25
54
58
96
96
10
67
78
41
52
81
53
16
100
63
30
71
56
3
23
19
31
51
64
77
7
36
10
18
4
61
63
25
39
94
71
37
26
47
61
11
97
59
55
84
84
37
92
99
23
53
58
46
94
17
32
9
28
88
50
71
91
6
49
44
69
73
8
89
18
97
50
26
17
75
4
55
48
8
65
21
91
47
15
63
49
35
13
52
78
50
81
37
92
17
58
90
38
56
39
23
45
69
54
84
52
38
67
54
83
34
7
56
64
98
20
93
36
70
83
52
79
44
61
66
72
98
12
13
59
39
85
91
38
33
10
9
17
50
30
2
25
78
2
32
45
49
22
59
23
60
89
96
85
73
78
89
72
36
52
82
4
13
14
16
48
75
66
97
13
11
17
6
66
4
76
80
85
33
63
2
44
46
67
50
36
8
29
12
70
25
38
45
21
16
24
10
75
30
20
50
7
29
11
74
37
66
51
14
81
40
65
96
25
24
82
60
83
93
32
58
26
2
10
79
15
33
54
84
93
86
84
71
26
19
4
76
13
63
58
45
85
49
39
95
74
41
65
51
89
26
8
14
76
4
31
62
28
80
35
33
66
72
78
34
4
53
2
100
73
100
42
12
67
67
51
100
13
19
33
67
7
100
63
27
43
41
73
71
69
14
36
82
4
99
72
17
47
81
67
20
88
22
12
49
78
44
87
37
47
41
26
58
35
54
50
14
96
74
15
16
61
78
72
37
39
95
21
45
86
67
51
25
54
51
42
61
19
85
29
73
82
99
18
62
44
97
97
51
31
5
38
73
47
76
12
31
30
14
23
84
45
8
38
24
83
58
98
4
44
63
96
83
5
99
73
93
71
12
1
40
6
85
36
88
12
31
36
24
67
69
97
98
50
58
38
31
50
53
14
27
66
50
17
68
67
28
44
24
27
30
62
64
95
50
32
89
3
42
16
20
88
44
47
97
1
44
54
35
40
58
12
67
14
13
70
18
2
62
92
83
84
29
33
7
39
35
24
63
83
57
25
8
7
97
91
59
40
15
46
34
65
100
5
32
38
36
61
61
92
35
10
2
97
32
81
67
19
70
74
20
87
69
56
55
27
27
67
27
72
83
52
78
47
50
52
98
21
21
60
2
40
53
1
43
22
34
82
37
65
40
50
30
54
62
55
83
40
1
99
2
45
44
13
48
40
3
92
85
4
58
49
75
53
23
84
99
39
67
63
87
93
89
76
100
29
46
82
75
62
94
76
90
19
79
94
36
53
70
90
67
84
95
43
100
6
75
22
57
82
66
42
10
75
12
86
62
27
92
32
73
93
32
26
65
10
77
41
32
25
5
59
84
37
1
92
38
59
9
20
34
89
31
16
44
28
18
34
84
7
85
46
46
81
30
65
5
28
92
79
95
17
36
39
41
80
54
42
69
46
79
98
82
80
1
9
87
80
2
74
46
75
71
99
76
100
2
74
17
55
12
63
11
82
36
89
100
81
55
53
35
15
76
50
42
49
18
31
29
50
78
4
59
92
20
59
42
98
54
13
49
43
67
79
58
2
58
51
6
23
47
25
78
31
16
94
35
50
45
81
13
68
16
41
52
87
57
78
28
10
4
5
71
2
79
3
32
22
45
19
26
49
100
69
58
88
14
53
62
77
27
65
26
18
84
14
37
86
59
21
76
48
76
31
35
74
8
68
96
99
56
2
39
30
40
70
16
24
91
38
48
17
56
49
45
23
16
96
39
58
99
1
19
16
86
12
89
37
24
41
8
85
42
38
23
97
3
12
39
18
22
84
60
25
58
87
35
38
60
53
27
67
67
14
4
76
62
32
78
68
83
61
41
28
43
45
80
16
40
97
62
68
47
36
47
46
88
84
20
96
41
43
14
6
63
57
89
49
71
95
100
32
31
29
28
42
26
45
65
48
84
54
58
50
24
68
20
43
70
46
30
41
22
56
20
45
51
90
51
73
26
56
81
52
33
17
30
23
25
62
3
53
93
81
23
11
9
10
100
2
89
66
57
36
65
54
80
77
33
58
18
54
31
62
100
56
19
51
22
57
44
62
40
51
48
83
3
43
88
89
61
100
53
9
90
9
73
18
60
47
35
68
22
19
29
4
91
25
12
94
98
73
10
12
9
42
52
38
71
90
74
13
15
92
92
28
22
24
87
82
13
90
55
14
35
74
29
82
53
80
66
15
64
85
9
28
79
91
17
100
6
24
82
1
69
40
45
36
12
8
18
49
30
93
2
65
17
71
73
77
10
18
11
33
52
65
26
98
76
38
79
34
66
11
51
18
60
5
51
14
27
87
86
6
9
7
78
16
27
87
25
98
98
9
24
55
3
27
14
41
59
90
43
62
2
18
31
5
45
98
92
16
53
90
26
45
85
11
93
31
39
52
14
68
63
20
76
77
94
63
72
6
98
25
95
42
54
88
13
27
88
76
9
63
21
69
63
47
86
12
32
80
13
37
100
59
93
83
78
11
55
71
17
61
54
16
85
5
23
22
6
15
15
97
42
51
81
75
5
75
84
18
68
9
81
57
60
50
4
84
67
96
30
58
84
53
57
94
17
30
20
15
84
20
71
48
61
6
92
42
18
60
53
62
37
9
63
29
1
80
95
94
94
61
58
78
33
17
79
9
12
58
52
82
77
20
80
63
6
25
23
14
68
33
37
93
40
78
4
23
78
6
22
40
44
58
70
11
78
60
10
67
8
29
89
83
48
20
38
16
97
27
99
80
40
67
7
26
2
75
16
52
99
86
87
31
42
12
42
1
94
82
4
75
30
98
52
41
79
6
35
11
4
79
91
9
49
66
96
80
72
14
55
100
97
92
81
45
98
31
11
71
18
37
33
15
52
42
21
93
72
17
71
91
88
89
64
95
76
78
75
18
29
15
45
90
31
7
39
61
96
22
17
64
73
30
98
43
26
23
22
88
24
5
63
86
27
13
59
50
30
44
34
77
19
70
5
57
14
96
46
70
68
62
41
93
8
74
4
58
21
12
95
56
97
81
9
34
26
43
64
6
73
55
97
54
14
71
80
88
5
41
19
32
62
17
42
5
93
78
39
51
13
68
12
70
93
2
88
38
58
89
84
74
51
88
85
74
9
31
60
90
73
71
36
39
30
14
76
99
11
45
100
1
72
5
77
58
73
38
33
16
89
8
55
18
15
77
32
93
32
52
64
91
94
90
6
27
89
65
4
94
84
55
35
9
25
63
13
84
31
96
25
63
34
3
37
35
16
46
63
72
67
30
53
66
80
98
5
84
89
86
63
75
53
37
95
10
94
13
51
36
39
35
62
1
33
82
56
70
48
25
62
29
41
45
68
88
42
100
2
33
60
53
6
45
52
3
86
29
53
6
39
81
27
87
95
80
100
69
85
7
71
76
79
82
94
9
54
74
12
10
65
59
9
38
74
72
34
74
84
7
41
93
89
73
94
40
78
57
31
68
80
21
19
83
38
10
73
1
47
20
99
21
70
28
84
41
27
14
86
15
30
91
17
9
77
43
4
4
42
57
68
93
97
18
80
98
77
95
31
12
99
6
45
29
6
59
25
78
2
100
63
98
24
47
15
57
83
28
25
41
12
25
75
9
47
83
100
20
84
22
87
47
39
50
89
99
39
9
44
94
99
51
8
13
37
62
74
42
50
88
38
66
62
42
61
40
6
52
67
88
56
88
72
49
68
40
75
45
76
64
46
37
29
4
82
30
70
10
76
39
20
51
30
42
53
90
88
75
77
91
40
29
95
20
58
100
35
81
98
7
84
85
97
45
87
30
37
32
50
7
74
52
23
40
51
11
84
61
39
59
91
32
85
47
69
44
51
87
35
73
82
50
8
26
83
43
13
85
63
90
25
20
25
67
56
76
84
68
73
16
4
34
93
60
45
68
74
87
34
63
28
39
85
38
58
63
42
34
79
84
65
9
53
70
91
40
8
2
86
42
61
95
67
40
100
95
27
22
20
48
97
17
64
58
21
60
30
58
65
81
37
62
7
75
66
61
95
12
37
30
53
36
82
11
44
71
59
56
21
15
56
92
99
52
28
84
96
28
49
13
99
98
79
72
65
16
78
39
70
39
34
87
86
56
11
19
53
30
75
56
3
46
60
62
4
97
1
79
21
50
74
11
35
87
40
74
64
81
64
39
25
16
79
47
15
93
50
8
89
95
16
83
19
88
40
70
78
53
58
16
21
43
70
6
31
7
27
2
55
63
61
43
95
2
94
74
31
26
77
35
59
18
20
73
1
55
40
36
86
62
11
81
3
7
15
45
15
67
67
28
6
60
70
15
83
57
91
69
63
72
51
60
18
75
50
53
70
62
74
67
55
36
32
40
1
70
58
3
53
62
2
41
9
92
13
32
22
23
5
14
64
27
93
25
64
22
9
19
60
52
25
17
86
86
20
83
33
21
71
79
15
45
1
43
54
12
94
73
4
75
4
38
4
30
88
75
52
24
62
14
56
55
5
82
6
87
15
52
56
28
7
99
95
42
67
99
68
15
35
22
1
65
12
93
22
73
55
33
56
81
63
31
91
76
65
11
9
88
47
85
69
98
73
47
25
35
73
38
10
40
22
49
80
21
36
77
46
2
57
49
30
37
91
22
73
9
41
35
99
71
70
40
100
58
66
60
55
27
69
49
69
65
24
4
14
49
27
64
20
45
97
28
54
39
41
23
68
50
52
50
78
24
96
3
35
23
5
7
33
77
78
42
89
5
92
68
100
40
92
86
84
24
9
48
45
37
85
6
51
11
58
24
88
10
52
29
38
11
62
45
38
80
18
45
28
70
90
2
7
28
74
76
79
35
84
68
85
22
51
56
92
3
26
44
14
43
35
94
4
40
29
38
40
32
5
33
96
84
72
92
37
95
81
52
98
3
12
48
70
4
6
99
84
96
84
69
83
54
9
4
51
58
79
79
69
10
32
21
74
13
30
56
29
15
94
72
71
91
23
46
22
92
83
60
63
50
79
48
91
95
87
33
29
46
48
53
68
2
37
67
24
36
5
94
34
62
2
56
4
20
37
90
89
48
99
23
8
71
69
15
65
80
56
43
77
63
36
59
53
67
91
28
80
73
66
53
23
32
92
63
5
17
99
43
57
69
93
49
22
21
56
72
71
15
42
30
88
35
87
96
53
78
1
98
23
7
92
7
87
52
12
16
58
23
62
7
100
44
75
87
19
35
87
58
44
100
75
4
91
28
24
23
70
94
47
90
7
6
58
65
16
53
74
86
78
69
93
34
85
59
5
35
36
65
40
94
30
94
23
93
62
42
8
49
32
97
65
63
30
19
75
70
24
91
84
32
41
24
44
20
42
14
7
64
85
11
48
25
29
57
32
66
89
38
92
7
53
60
37
79
52
23
24
60
30
28
39
94
46
29
80
48
62
52
40
8
97
89
41
27
60
87
25
94
32
84
48
86
58
58
75
3
59
27
85
54
6
33
80
97
14
74
95
32
51
15
41
92
55
81
7
28
3
25
31
91
28
53
19
22
76
77
94
50
37
63
36
63
36
19
3
30
100
81
65
57
8
31
32
92
13
3
39
7
76
49
28
71
87
84
37
31
42
87
13
3
77
75
91
36
62
76
92
79
7
81
50
83
96
97
33
61
19
99
53
76
60
48
33
61
18
28
53
33
36
52
76
37
69
17
1
87
81
73
72
42
22
46
89
2
9
67
9
91
37
20
21
71
45
88
71
9
45
89
6
84
64
20
10
76
60
62
66
64
60
36
69
5
77
30
81
70
50
88
53
65
92
18
16
93
19
23
61
80
91
35
59
56
94
56
88
61
16
89
31
63
96
74
77
47
88
15
44
79
28
34
97
59
56
63
28
48
76
25
87
4
2
85
71
24
36
95
27
66
31
21
94
46
52
73
79
70
96
22
45
2
45
91
73
69
24
26
70
16
87
7
13
1
98
74
3
88
61
94
94
34
78
68
86
20
29
42
38
89
60
4
100
82
23
68
30
82
56
2
72
32
9
14
7
73
96
9
83
16
50
76
97
87
37
54
22
54
91
29
75
20
48
97
41
9
78
10
43
92
55
28
96
88
97
63
25
17
10
21
49
15
63
44
30
53
59
56
70
13
54
40
59
99
76
88
83
24
5
42
14
30
55
78
28
38
60
3
62
34
76
5
73
22
86
77
71
90
78
84
8
74
76
33
88
77
35
33
3
93
39
6
40
17
44
40
80
87
9
6
29
85
47
47
82
60
32
23
11
25
92
33
46
23
78
21
28
44
58
19
88
89
7
7
82
11
18
56
53
37
51
60
22
95
10
75
70
66
70
46
29
29
15
50
3
65
22
39
43
53
29
26
94
81
6
8
59
46
18
56
18
49
2
47
88
100
86
80
92
18
26
6
36
94
60
76
26
86
36
58
6
22
35
27
60
28
11
18
95
17
99
100
70
97
4
36
59
63
92
33
66
16
2
76
69
53
5
69
40
69
11
22
40
56
17
2
5
48
95
79
99
67
70
8
41
48
55
55
64
13
93
96
22
53
36
95
29
26
83
42
78
96
46
68
35
96
30
31
99
6
22
92
46
75
68
34
64
4
24
87
5
99
69
18
50
75
93
15
81
81
79
4
63
38
42
48
38
60
42
50
90
91
70
5
46
97
83
39
28
29
38
62
2
51
77
47
36
44
7
49
99
77
66
89
15
13
72
78
31
28
4
51
25
28
78
20
49
12
25
76
53
85
98
76
92
22
83
41
88
68
21
93
79
64
45
79
71
57
90
52
77
4
36
68
62
43
64
75
53
23
29
34
10
76
50
63
10
73
73
6
73
80
87
32
26
94
11
31
92
22
29
64
16
9
14
4
98
53
13
72
57
99
73
40
27
37
35
13
71
24
36
42
99
88
78
94
47
59
55
4
9
18
73
26
38
31
20
19
3
95
31
59
56
13
84
91
67
16
31
26
13
33
10
69
99
63
71
4
60
6
14
88
74
28
94
81
14
15
1
78
68
31
100
24
97
13
59
66
100
45
1
14
19
11
46
9
80
60
33
24
67
1
16
36
68
16
96
2
47
20
44
1
37
83
57
22
30
76
45
66
45
84
64
72
4
45
10
44
25
67
52
94
14
87
18
92
25
33
60
80
19
81
32
53
99
53
65
69
52
65
46
93
50
54
45
21
19
49
72
34
17
46
69
34
25
41
3
25
65
35
80
76
71
9
44
61
77
39
60
33
92
6
45
47
87
83
3
54
22
75
5
26
77
95
18
48
3
74
61
61
81
12
44
63
8
89
28
75
18
65
42
39
99
5
45
7
17
41
17
57
88
7
94
28
10
79
98
17
70
58
90
24
89
80
90
52
45
10
29
28
13
33
76
67
33
22
51
23
83
2
68
92
46
59
45
96
88
49
3
95
92
40
83
