16
2
40
74
99
68
42
94
38
26
65
1
36
24
18
21
77
99
71
23
89
19
85
53
3
65
69
76
91
25
82
57
90
37
62
42
12
85
67
74
54
18
99
24
87
16
85
64
96
17
52
62
15
73
28
65
48
91
9
68
69
9
58
69
98
11
41
41
43
99
66
65
77
85
57
66
83
16
21
10
22
87
67
25
83
85
52
45
87
48
30
38
77
90
74
15
3
57
62
16
76
42
65
11
38
28
40
18
23
57
85
2
99
85
77
87
3
59
40
49
78
40
95
18
25
29
59
94
99
44
33
37
83
14
66
28
45
46
41
66
68
19
15
51
40
49
38
16
65
8
1
29
10
39
99
54
26
89
10
6
79
78
84
19
90
29
19
38
10
62
7
89
96
53
55
92
82
52
14
87
98
1
98
33
70
84
9
57
35
61
62
29
63
3
32
47
96
89
59
26
59
42
70
82
87
66
73
10
2
16
64
10
4
77
38
72
58
21
33
2
47
10
66
16
100
95
90
70
83
2
51
14
50
71
18
90
18
54
47
63
95
78
89
50
84
61
59
70
34
65
31
4
61
88
72
97
42
1
65
51
52
9
71
32
9
3
7
27
84
7
79
63
81
36
5
16
25
26
20
88
37
44
27
33
27
6
16
99
48
73
30
33
74
7
50
34
89
49
12
73
25
83
79
61
62
60
91
94
96
47
79
27
52
63
42
68
41
37
21
30
77
7
12
71
29
10
66
57
45
29
66
28
6
10
79
26
12
76
24
71
54
86
45
64
49
22
12
37
21
66
79
20
91
39
32
81
91
37
81
26
96
50
98
31
10
74
78
12
26
79
10
41
27
70
86
47
73
45
73
59
37
40
53
83
80
76
35
82
97
75
30
68
77
94
62
84
89
17
29
91
38
11
17
82
92
100
15
64
2
64
74
98
84
100
60
71
97
45
62
11
38
1
85
71
39
80
11
46
87
21
85
53
90
52
14
24
42
57
86
1
71
62
4
75
44
88
4
48
49
9
56
4
58
71
15
100
45
43
72
12
70
97
87
49
68
58
77
84
38
55
79
24
41
59
10
90
14
24
100
87
94
45
12
4
60
40
75
51
30
74
56
66
14
36
73
95
40
54
100
7
82
15
19
50
14
43
5
99
74
11
38
28
3
64
50
7
52
3
34
49
67
69
36
88
78
60
55
95
15
94
31
22
45
17
18
86
35
63
20
72
63
61
1
83
63
54
91
33
33
84
4
59
30
22
44
26
25
2
45
83
5
61
61
61
45
58
63
8
37
56
46
95
50
70
22
15
87
53
44
80
32
41
27
54
92
25
13
51
17
3
75
97
75
9
26
72
36
80
28
19
8
83
12
56
42
84
89
89
5
78
42
84
69
48
27
81
40
17
64
94
85
95
37
7
61
19
90
47
33
17
11
23
58
9
13
10
15
40
90
22
77
31
71
92
57
81
57
90
98
83
40
30
91
56
69
12
21
55
51
19
18
52
29
79
100
46
91
25
7
55
16
100
24
69
9
89
23
46
19
10
25
10
47
1
95
76
98
37
42
58
20
87
100
95
21
7
12
10
65
55
33
74
57
89
76
47
65
78
10
89
77
71
30
54
35
23
77
34
12
62
37
35
3
89
65
35
38
79
71
48
37
99
55
29
2
42
20
87
99
46
96
28
65
31
97
88
63
83
85
41
96
85
31
41
30
47
40
63
40
51
100
65
95
2
95
37
79
76
59
81
14
90
15
33
40
55
25
89
39
33
28
64
30
43
36
34
49
48
44
46
63
85
9
24
6
35
89
46
56
27
37
66
93
42
51
45
54
23
31
41
4
41
14
24
98
54
53
73
29
51
68
8
41
16
9
28
14
94
59
81
27
62
33
26
63
52
9
22
58
30
61
52
22
81
13
29
79
3
51
51
48
6
15
31
84
81
5
70
63
50
81
73
52
89
6
42
77
100
83
60
41
25
89
82
2
89
63
78
25
21
100
71
61
22
36
1
79
21
98
55
3
1
16
82
42
1
73
52
71
3
6
76
46
33
98
42
97
50
78
63
96
75
74
75
37
62
10
62
11
68
41
23
65
70
63
95
5
1
39
20
2
21
16
59
17
46
72
75
9
93
86
49
46
13
22
45
33
77
80
79
9
62
20
81
1
89
80
71
32
49
94
52
8
99
88
81
77
28
28
100
61
73
26
92
46
6
56
73
15
71
37
23
49
17
61
68
94
41
76
21
30
18
76
21
25
72
60
10
14
46
