66920180
68743420
67146156
66095305
66093801
66025032
68502836
66075594
66080075
68372572
68460214
66617460
66620480
66026074
68502280
68701606
67120310
68551550
66087025
67133047
66640195
67040800
67146158
66815145
66650115
66077525
67125149
66816300
68557710
67145127
66645305
67013243
66120120
66823087
68375370
66645290
67124055
68742831
68010450
66690070
68182020
66625014
67020430
67133005
68501130
67125713
68744550
67013659
68626426
68627618
68015350
68552322
66083035
68460154
66920270
66645060
66650044
66816240
67113021
66017020
66615228
68704009
66911190
66820740
68742866
66026195
67125095
67125063
66075520
68372560
66640890
66820006
66630077
67145136
66916290
68045150
68373094
66630176
66075594
66833053
66095495
68043010
66640460
68026060
68742854
67145255
66110162
66079190
67030000
66933040
66821133
68458091
66615790
68556110
66816200
68552845
68557652
68512530
66065057
66020740
66077705
67115114
67105118
68457120
66610020
66645645
68376602
68505010
66916250
67120416
68017080
66650507
66830430
66821291
66025420
66117406
68372700
68460141
67118051
66063190
66843161
67035600
67105210
66921100
68741680
68550591
66077620
66117438
66065025
67103030
66823104
66077750
66823590
66625740
68455020
66095430
66650550
66921040
66846430
66630175
68743721
68742587
68742376
66814535
68377043
66810091
68501255
68047050
66610210
68030670
66115005
68506230
68507680
68374732
67118002
66053110
68741670
68507390
66030373
66640434
66030415
68506440
68702260
66650400
68374370
66810006
66030124
68040066
66842335
67013893
66050000
66115650
66812065
67105131
68740440
66645200
66635595
66813450
66814365
66115170
66820740
68035200
67124195
68745292
68742215
66650420
67015150
68746650
66833310
66026590
66070110
66050110
66623640
68040240
67013214
67125015
68743455
68371360
68020035
68628590
67145180
66085024
66026315
66030393
68455280
68374540
66040082
68377180
68455154
66077150
68625480
66625015
67120525
66820445
68630883
66017170
66814185
66635267
66919380
68512738
68555670
68459848
68015410
68374570
67113040
66825500
66110124
66843210
68372585
68376770
66070072
66823050
66026112
67013246
68742030
66820743
68553295
66923130
66613750
66110131
66070128
66843640
67013201
68703247
67133260
68554345
67120138
68457335
68703012
68502450
66830335
66833600
67125848
67105026
66814590
68372862
68459420
66080045
67020790
66077150
68455450
68040080
68459601
68745011
66815045
67110190
66085250
66911170
68010410
66640715
68552080
67120519
66065840
68551210
66816590
66030106
67130575
67125140
68513020
67033630
67040740
66026415
68512372
66625252
67125185
68628205
68702230
66026538
66845050
67146310
68030052
66820650
66921100
66030590
68703350
66919210
68459842
68045440
67105031
66920020
68743726
66026332
66812387
68503050
66823223
66650095
66825460
68460280
66077440
66033230
67125846
67113055
66811690
68700741
66821200
66625140
67125046
66633180
68703012
66025730
68513530
66087670
66643802
66822570
66630250
66814022
66040430
68371157
66635825
68502030
68513080
66810520
67110780
66625033
68375395
68020670
68744550
68459390
67103150
68040525
67105320
67125420
68458540
68552204
67030680
66816293
67120000
66077136
68460051
66816217
66026545
66030332
68045190
67125351
67015631
68746716
66845822
67120080
66010095
66110157
68020710
67130375
67033100
66625610
68744301
68746734
66811160
66033343
68627060
66013100
68557826
66623278
67140320
67033540
68555815
68035060
66918110
68513632
66087200
66073790
66063078
68703010
68507210
66060205
68502080
67032183
66023005
68181475
66026715
66825565
66823092
66083496
68555130
68626392
68042045
66032340
66077160
66075000
66025638
67133180
67140704
66017010
68060140
67105730
67033850
68020760
68500290
66026374
66833005
66110710
66095255
67013892
66617550
66055480
67145070
66916460
67030150
66810672
66820117
66070332
67145498
68745095
66610090
66075228
67035305
66617290
66825673
66083145
67030045
66640390
68742810
68741393
67146394
66830723
66625045
66915170
67120294
68557130
66822126
66833077
67146067
66640845
68554725
68377268
66635875
67133185
68505230
67105109
68372567
68043250
67040270
68743699
68372685
66083095
66030484
67020105
68503520
66823580
68554635
66073353
68741635
66650790
68505610
66825539
66030192
66813860
68040405
66615720
67125441
67146454
68630854
66030322
67125180
66822640
67143720
66040085
68740430
66823195
68513744
68045020
66645115
66617370
66813148
66113560
66080025
66913610
66113620
66822610
66026375
66650467
67040560
68550325
68742090
66816255
67145142
66640065
68627568
66833040
66095045
68628210
67033006
67140220
66095300
67133263
68457203
68701613
66075100
66063350
67020683
68501161
66085520
68459275
67030165
67145680
68500160
66010130
66030162
67133130
66650045
66645503
66030650
66615545
66610345
67133417
68513632
66610305
66033258
66833640
68511200
68744126
66040100
66010147
66075720
67140878
67145158
66115060
67015420
66812063
66912010
67125086
66023230
68555650
66070073
68743187
66030236
68181477
66814440
66026118
66050440
68020390
68507080
68508090
67125723
66820664
66650525
67040440
66820329
68742734
67145845
66916310
68627459
66645490
67120434
68704122
68744475
68512270
66825841
66645425
68551628
68458440
66821725
66640406
66085630
66115570
68557040
68035180
67120593
66113000
66840430
68457310
68501100
68740180
67105067
68553577
66026390
67110600
68744195
66110079
68626280
68626340
66821020
68501529
67146051
66020270
68508485
68555065
66083175
68046140
68627270
67010740
67125371
68740240
67020095
66811630
67120670
68510107
66053230
66820831
66093320
68374780
68554415
68460010
66070702
67010620
66650160
66033447
66921150
68746610
66816820
66026090
67013354
68455470
67146140
68741517
68557832
68703109
66032460
66113800
67030162
67030390
68181190
66615810
66060125
68372410
68455540
68181010
66110010
68553058
66063105
66110048
67143560
68459885
68745120
66065361
66919530
68550745
67033859
66026418
66933080
68020145
68045160
66831115
67010640
66077525
68060300
66093590
68043220
68377046
66625023
68557822
68554010
68553320
66811825
66095055
67125663
68015310
66083570
66643827
66635445
66823395
66823595
68010475
66610325
68456685
66110022
66026550
66623401
66085024
66845145
66110123
66033220
66020655
68458071
66630275
68743640
66812180
66613110
67033220
67143240
68555815
66821353
66085085
66060271
66023035
66093034
68555030
68742524
68030430
68556411
68005430
66840505
68377814
68745500
68743728
66615226
66026125
66077832
68512000
68180050
68557045
67130545
66020190
68743520
66075150
68513360
68627014
66815010
68376606
67120055
68460147
66613065
68046100
66045340
68460035
66113230
67125516
66115006
66045590
67015040
66073145
68182210
68020310
68460281
67120485
66912290
66623140
68557758
66811280
68553055
68040440
67035420
68627520
66090710
66830504
68744328
67125730
66690410
68743757
67146382
66815051
66920780
66645605
66820123
66812500
68745242
68501370
66913470
68550160
66815340
68745330
66625810
67040620
68456680
68746045
67125821
66633620
67146012
66650044
68372040
66635785
68701380
68512366
66842010
66065236
66093370
68555710
68741120
66033380
68457315
66077663
67145545
66073350
66065182
68020105
68373100
66115087
68628529
68626354
68625335
66640395
66620390
68372100
68046070
66015020
68030047
68627380
68043270
68557660
68458100
66640646
66821540
66640559
67146432
68455520
67030440
67125685
66815135
66093904
67032190
68626538
67105029
68458810
66640017
66816320
68455729
67013190
66625080
66814165
68630746
66077245
66117408
66110165
66083280
68701811
68456353
66030188
68742220
68371276
66613365
66625440
66814300
68625060
68550062
67145650
66065399
67120604
66625530
67100260
66080300
68045130
68746580
66085800
67125012
68628568
67146202
68025877
66085445
66625747
68509010
67125109
66050330
67125869
66070888
66026292
68015470
68180630
68742868
68742062
68005100
67145295
66630217
67113520
66617480
66070130
66033195
66055400
66080230
68628508
68742859
66070294
68180510
68025165
68512652
68375055
66035190
68743340
66073180
68501151
68506675
68626422
66831049
66845690
68627548
67010000
68375082
66120000
66690811
67120292
66055005
66811470
68551768
66030448
67140708
66093355
66811700
68513771
66625660
66083150
67033530
67133160
67040480
68742387
66917090
68372597
66055700
66030160
68628320
68375480
68625620
67146044
68628230
68555230
66919270
66842119
66090450
68550435
66073090
66095550
66650250
68743500
68627004
66079005
68040694
68501080
66670680
67015420
66093490
68742510
66115670
68507550
66821545
68746890
66815390
66822145
67145064
67145440
66815151
66045170
66650204
68627510
66650715
66032015
67120575
66650440
66113320
67125056
66063290
68551090
67146090
68746750
68700030
68045580
66025667
66063095
68375455
68459112
68628557
66113420
67125755
68744540
66030055
68371125
66019905
68373110
66085120
66030440
66917210
67145271
67140620
67130750
66652262
68628055
68627140
67120465
66640478
68557500
67133535
66840110
66633580
68045140
66822470
68501410
68506787
68010490
67120294
66030515
67118095
66110028
68005000
68746481
67013888
66630069
68550650
68556455
67145093
68455701
68501529
66625105
68630625
68457070