66920180
68743420
67146156
66095305
66093801
66025032
68502836
66075594
66080075
68372572
68460214
66617460
66620480
66026074
68502280
68701606
67120310
68551550
66087025
67133047
66640195
67040800
67146158
66815145
66650115
66077525
67125149
66816300
68557710
67145127
66645305
67013243
66120120
66823087
68375370
66645290
67124055
68742831
68010450
66690070
68182020
66625014
67020430
67133005
68501130
67125713
68744550
67013659
68626426
68627618
68015350
68552322
66083035
68460154
66920270
66645060
66650044
66816240
67113021
66017020
66615228
68704009
66911190
66820740
68742866
66026195
67125095
67125063
66075520
68372560
66640890
66820006
66630077
67145136
66916290
68045150
68373094
66630176
66075594
66833053
66095495
68043010
66640460
68026060
68742854
67145255
66110162
66079190
67030000
66933040
66821133
68458091
66615790
68556110
66816200
68552845
68557652
68512530
66065057
66020740
66077705
67115114
67105118
68457120
66610020
66645645
68376602
68505010
66916250
67120416
68017080
66650507
66830430
66821291
66025420
66117406
68372700
68460141
67118051
66063190
66843161
67035600
67105210
66921100
68741680
68550591
66077620
66117438
66065025
67103030
66823104
66077750
66823590
66625740
68455020
66095430
66650550
66921040
66846430
66630175
68743721
68742587
68742376
66814535
68377043
66810091
68501255
68047050
66610210
68030670
66115005
68506230
68507680
68374732
67118002
66053110
68741670
68507390
66030373
66640434
66030415
68506440
68702260
66650400
68374370
66810006
66030124
68040066
66842335
67013893
66050000
66115650
66812065
67105131
68740440
66645200
66635595
66813450
66814365
66115170
66820740
68035200
67124195
68745292
68742215
66650420
67015150
68746650
66833310
66026590
66070110
66050110
66623640
68040240
67013214
67125015
68743455
68371360
68020035
68628590
67145180
66085024
66026315
66030393
68455280
68374540
66040082
68377180
68455154
66077150
68625480
66625015
67120525
66820445
68630883
66017170
66814185
66635267
66919380
68512738
68555670
68459848
68015410
68374570
67113040
66825500
66110124
66843210
68372585
68376770
66070072
66823050
66026112
67013246
68742030
66820743
68553295
66923130
66613750
66110131
66070128
66843640
67013201
68703247
67133260
68554345
67120138
68457335
68703012
68502450
66830335
66833600
67125848
67105026
66814590
68372862
68459420
66080045
67020790
66077150
68455450
68040080
68459601
68745011
66815045
67110190
66085250
66911170
68010410
66640715
68552080
67120519
66065840
68551210
66816590
66030106
67130575
67125140
68513020
67033630
67040740
66026415
68512372
66625252
67125185
68628205
68702230
66026538
66845050
67146310
68030052
66820650
66921100
66030590
68703350
66919210
68459842
68045440
67105031
66920020
68743726
66026332
66812387
68503050
66823223
66650095
66825460
68460280
66077440
66033230
67125846
67113055
66811690
68700741
66821200
66625140
67125046
66633180
68703012
66025730
68513530
66087670
66643802
66822570
66630250
66814022
66040430
68371157
66635825
68502030
68513080
66810520
67110780
66625033
68375395
68020670
68744550
68459390
67103150
68040525
67105320
67125420
68458540
68552204
67030680
66816293
67120000
66077136
68460051
66816217
66026545
66030332
68045190
67125351
67015631
68746716
66845822
67120080
66010095
66110157
68020710
67130375
67033100
66625610
68744301
68746734
66811160
66033343
68627060
66013100
68557826
66623278
67140320
67033540
68555815
68035060
66918110
68513632
66087200
66073790
66063078
68703010
68507210
66060205
68502080
67032183
66023005
68181475
66026715
66825565
66823092
66083496
68555130
68626392
68042045
66032340
66077160
66075000
66025638
67133180
67140704
66017010
68060140
67105730
67033850
68020760
68500290
66026374
66833005
66110710
66095255
67013892
66617550
66055480
67145070
66916460
67030150
66810672
66820117
66070332
67145498
68745095
66610090
66075228
67035305
66617290
66825673
66083145
67030045
66640390
68742810
68741393
67146394
66830723
66625045
66915170
67120294
68557130
66822126
66833077
67146067
66640845
68554725
68377268
66635875
67133185
68505230
67105109
68372567
68043250
67040270
68743699
68372685
66083095
66030484
67020105
68503520
66823580
68554635
66073353
68741635
66650790
68505610
66825539
66030192
66813860
68040405
66615720
67125441
67146454
68630854
66030322
67125180
66822640
67143720
66040085
68740430
66823195
68513744
68045020
66645115
66617370
66813148
66113560
66080025
66913610
66113620
66822610
66026375
66650467
67040560
68550325
68742090
66816255
67145142
66640065
68627568
66833040
66095045
68628210
67033006
67140220
66095300
67133263
68457203
68701613
66075100
66063350
67020683
68501161
66085520
68459275
67030165
67145680
68500160
66010130
66030162
67133130
66650045
66645503
66030650
66615545
66610345
67133417
68513632
66610305
66033258
66833640
68511200
68744126
66040100
66010147
66075720
67140878
67145158
66115060
67015420
66812063
66912010
67125086
66023230
68555650
66070073
68743187
66030236
68181477
66814440
66026118
66050440
68020390
68507080
68508090
67125723
66820664
66650525
67040440
66820329
68742734
67145845
66916310
68627459
66645490
67120434
68704122
68744475
68512270
66825841
66645425
68551628
68458440
66821725
66640406
66085630
66115570
68557040
68035180
67120593
66113000
66840430
68457310
68501100
68740180
67105067
68553577
66026390
67110600
68744195
66110079
68626280
68626340
66821020
68501529
67146051
66020270
68508485
68555065
66083175
68046140
68627270
67010740
67125371
68740240
67020095
66811630
67120670
68510107
66053230
66820831
66093320
68374780
68554415
68460010
66070702
67010620
66650160
66033447
66921150
68746610
66816820
66026090
67013354
68455470
67146140
68741517
68557832
68703109
66032460
66113800
67030162
67030390
68181190
66615810
66060125
68372410
68455540
68181010
66110010
68553058
66063105
66110048
67143560
68459885
68745120
66065361
66919530
68550745
67033859
66026418
66933080
68020145
68045160
66831115
67010640
66077525
68060300
66093590
68043220
68377046
66625023
68557822
68554010
68553320
66811825
66095055
67125663
68015310
66083570
66643827
66635445
66823395
66823595
68010475
66610325
68456685
66110022
66026550
66623401
66085024
66845145
66110123
66033220
66020655
68458071
66630275
68743640
66812180
66613110
67033220
67143240
68555815
66821353
66085085
66060271
66023035
66093034
68555030
68742524
68030430
68556411
68005430
66840505
68377814
68745500
68743728
66615226
66026125
66077832
68512000
68180050
68557045
67130545
66020190
68743520
66075150
68513360
68627014
66815010
68376606
67120055
68460147
66613065
68046100
66045340
68460035
66113230
67125516
66115006
66045590
67015040
66073145
68182210
68020310
68460281
67120485
66912290
66623140
68557758
66811280
68553055
68040440
67035420
68627520
66090710
66830504
68744328
67125730
66690410
68743757
67146382
66815051
66920780
66645605
66820123
66812500
68745242
68501370
66913470
68550160
66815340
68745330
66625810
67040620
68456680
68746045
67125821
66633620
67146012
66650044
68372040
66635785
68701380
68512366
66842010
66065236
66093370
68555710
68741120
66033380
68457315
66077663
67145545
66073350
66065182
68020105
68373100
66115087
68628529
68626354
68625335
66640395
66620390
68372100
68046070
66015020
68030047
68627380
68043270
68557660
68458100
66640646
66821540
66640559
67146432
68455520
67030440
67125685
66815135
66093904
67032190
68626538
67105029
68458810
66640017
66816320
68455729
67013190
66625080
66814165
68630746
66077245
66117408
66110165
66083280
68701811
68456353
66030188
68742220
68371276
66613365
66625440
66814300
68625060
68550062
67145650
66065399
67120604
66625530
67100260
66080300
68045130
68746580
66085800
67125012
68628568
67146202
68025877
66085445
66625747
68509010
67125109
66050330
67125869
66070888
66026292
68015470
68180630
68742868
68742062
68005100
67145295
66630217
67113520
66617480
66070130
66033195
66055400
66080230
68628508
68742859
66070294
68180510
68025165
68512652
68375055
66035190
68743340
66073180
68501151
68506675
68626422
66831049
66845690
68627548
67010000
68375082
66120000
66690811
67120292
66055005
66811470
68551768
66030448
67140708
66093355
66811700
68513771
66625660
66083150
67033530
67133160
67040480
68742387
66917090
68372597
66055700
66030160
68628320
68375480
68625620
67146044
68628230
68555230
66919270
66842119
66090450
68550435
66073090
66095550
66650250
68743500
68627004
66079005
68040694
68501080
66670680
67015420
66093490
68742510
66115670
68507550
66821545
68746890
66815390
66822145
67145064
67145440
66815151
66045170
66650204
68627510
66650715
66032015
67120575
66650440
66113320
67125056
66063290
68551090
67146090
68746750
68700030
68045580
66025667
66063095
68375455
68459112
68628557
66113420
67125755
68744540
66030055
68371125
66019905
68373110
66085120
66030440
66917210
67145271
67140620
67130750
66652262
68628055
68627140
67120465
66640478
68557500
67133535
66840110
66633580
68045140
66822470
68501410
68506787
68010490
67120294
66030515
67118095
66110028
68005000
68746481
67013888
66630069
68550650
68556455
67145093
68455701
68501529
66625105
68630625
68457070
68510080
66077020
66110125
68025600
66063147
68460144
67125849
68506717
66026115
68022118
67033033
66033716
66080730
67125697
68375030
66080510
68374400
67146138
66033115
66650060
67145019
66123080
66087380
68460223
66075420
66090560
68005397
66050520
66625125
66023360
66918760
66820740
66921090
67010340
66120901
66095650
68745541
66033820
66913210
66093042
68740100
68015120
68554315
66690683
66650504
68557255
66610725
66670100
68512220
66833620
67125770
68455736
66065263
66640135
66816253
68459073
66083610
66820668
66625607
66811430
66690530
68511040
66625260
68700620
66070497
68501610
66063110
66073410
68743090
68553140
68552585
66075742
66630330
68744332
68182180
68375160
68511390
68376610
66919360
68371400
67030245
68458640
66823228
67033655
68042100
66640640
68457005
67013217
68745730
66025062
66650479
68455718
66815120
67130065
67120681
67120700
66115211
66821200
66023220
66085093
68025856
68701440
66110260
66620500
66610190
67015600
68513676
68501310
66110099
68502340
68626610
66815805
66615600
68556270
66815665
66820807
66831105
68505330
68035350
66643790
66110750
67030050
68047045
66650820
66050780
68552390
66030006
67013560
66026372
66030500
68455662
66919160
66026075
68045220
68551528
68550800
67145189
66810247
66816060
66670456
66115640
68511230
68045021
66026413
66063620
66045600
68746241
66833180
66113540
66625787
68010640
66810010
66825546
66635215
68507100
66820759
68746200
68555410
68626510
68554200
68020760
68552845
67110590
68743729
68501262
66615784
66093260
68745060
66645066
66030244
66110031
66820009
68047025
68552160
66625014
66645435
66635257
66015140
66025290
67105290
68512340
68625350
66033810
66610020
67015190
66635185
68557369
68030130
67015300
67118045
66815051
66615774
68630798
68557838
66030428
68017120
68374725
66080200
66032190
66075475
67133450
66812015
68745197
67013530
68505460
66633870
66840195
66050035
68742330
67013666
68556150
67120401
66815120
66620100
67146198
67035560
66625091
68553460
68022030
68377350
67145096
68043020
68630889
68015140
67146029
68510032
67145279
68701140
67105126
67130635
66026533
67030640
66810125
68372130
68740310
66825347
66820145
68744114
66030328
66816760
66035415
67125822
68553260
68456671
67133410
68020552
66690630
68745080
68741635
67146152
68506691
67035230
66831125
67040560
66652010
68746229
66815646
68628558
67105064
67145615
67030160
66821475
68744499
66623245
68025370
66821110
68372210
67020638
68460081
66033430
66845690
68502848
68372585
68180510
68513120
66823580
68459040
66115620
66845800
66815067
66025068
68030150
68458470
66840083
67033658
68373190
66811110
66822400
66820730
68182010
66814190
68741530
66812223
68456063
66920820
67103015
66030520
68746480
66083561
68460038
68375335
68555057
66816236
66020090
68500310
66833640
68745310
66110057
68746257
67146118
67033710
66810640
66825515
66830721
66617200
68557808
66610035
66816700
67125114
66070280
66065102
67125205
66645090
68460220
66020310
68743475
67105085
68047075
67140580
66820135
66816775
68746229
66811490
67030171
66630830
66643060
67146081
66623266
68702273
67120512
66933040
66650000
66030376
66650545
66613365
66090390
66833133
67145081
68742856
66920510
66079760
67118417
66635087
66095345
66083470
66625037
66810115
66823223
66123250
66083320
66820640
66830590
68508280
67120699
68376713
66073140
66035010
68506743
67146071
66083230
66063903
68025845
67146014
67120601
67145147
66617200
66921130
66820395
66812469
66820870
67020637
66123080
68552214
68557700
67146318
66026540
68555035
66075120
68503450
66623060
66812401
68700013
68509470
68740160
66095612
68551630
66814175
68552169
66060130
66026408
66110053
66645475
67100640
66110094
68373115
66117200
66610565
66912030
67113630
68020780
68513231
67130150
68182170
66816203
66120425
66813100
68627380
68743187
68703348
68025874
66085320
66625248
66635085
67033210
67105032
67125296
67030215
68701170
66650545
68743220
66020830
68742373
66630287
66060255
66812053
68741270
66085120
67145200
67020616
66077340
67113550
68459600
66110160
67125323
66822510
66816104
68374702
66923210
68551180
68550050
68455704
66083380
66820118
66053220
68742134
66030383
68743250
68740558
68625280
66065102
66916490
66613125
68456640
66815055
67033720
67143700
67113700
67030591
66623560
68551130
66625245
66085756
68551281
66070354
66821390
68017050
66630600
68460241
66615420
67146188
67125591
68513845
66095612
67140090
68742882
68746720
68627696
66110017
67125697
66825872
68701091
68510140
66030015
68374707
68010095
66812480
68628578
68553080
67125759
66120030
67030550
66073425
66110107
66820053
66023701
66117100
68455012
66820166
68181290
66085320
67013370
68020060
68742872
66842036
66820375
66065710
68030440
66625790
68745072
66077565
66810247
66625170
68740110
66630248
66615690
66645270
67030775
68554303
66913390
67100280
67040280
67120428
66030444
66120040
66110145
68506713
66910680
68376080
68626140
68374600
68025880
66026096
67100160
68746013
68501420
68625470
66645105
68557250
66620110
66915050
66630850
66030528
67133755
67113230
66087190
68501521
66610220
68742170
66821540
66110128
66635545
68743240
66060270
66030187
68455667
67130580
66625620
68377360
68557772
68376781
66030226
66810272
67040560
67145518
68701330
67118470
66077035
66630640
66073840
66640070
66040170
66825820
68740444
67033008
66635901
68456452
66610330
66810057
68513350
66820125
67143280
68628270
66030176
67146390
66635585
66030216
68510400
68020270
66635267
66026412
68043160
68555660
66025260
68744335
66095494
67146028
66615786
68742563
66919590
68060055
68374210
67125451
68459819
68553385
66813430
68551050
66030462
68501740
67120360
67125345
68746452
68551533
68746650
66073215
66810114
66077330
68630836
68045310
66845454
68555903
68743815
66063405
68627320
66918130
67032105
68040822
66080550
68556465
67140713
68371534
68035287
67120864
66110108
66923010
66825257
67120385
68025851
68015110
68376500
68627060
68501801
66079025
68513222
66620025
68628579
68507370
66077340
66921080
66815045
66045025
68371140
66645645
67125709
66640636
66630315
68374160
66060207
66842106
68743055
68746330
66060265
68628135
67130775
66650005
67125007
66640820
68377855
66821390
67124080
66643250
66652010
68554530
68505150
68553060
66080325
67125010
66030314
68377881
66030076
67040175
66093200
68506685
66026082
68459592
68746384
66615380
66822290
66083600
68459260
68553765
68372160
66025290
66643814
66825700
67146194
66026066
66617320
68625025
67145800
66020170
66030090
68045600
66840065
67120585
66833035
68025060
68456010
68501740
68502220
68041130
66923330
67140370
68630508
66023160
68743705
66831155
68556525
67115110
68025400
66093020
68455681
66815305
66630113
66821660
66813310
66013030
66095160
67105420
68703246
67100510
68501810
66840437
68513629
66623260
67033245
66113812
68020562
68371057
66613045
66810091
66822046
67013879
67033290
66630340
66840850
66033700
66615850
66913290
66085000
66821080
67118273
66623311
68741326
68017036
66110074
66814590
66650044
66811535
66045160
66635330
68045032
66820184
67146148
66026354
67125675
68550271
68626562
66053230
66077305
68746640
68742431
68746249
66645001
66831105
66075742
66912230
66815610
68025876
67124005
67013760
66035444
66840685
66833300
68040308
68740446
67140280
66040102
67020175
66831001
66625045
66065500
67040330
68551330
68502380
68743436
66670710
66033730
68459871
66075525
66053240
66814050
68553190
68744330
68742232
67120421
66640510
66811180
66115110
67145148
66833150
66110134
68459597
66085220
66645695
68372002
66690490
67030390
66840640
67030130
68506110
68555901
68513803
68746485
66613190
68458400
66025420
68556575
68375260
66026322
66845100
66055140
66843127
68456080
67013370
66640621
68746240
66033495
67013460
66825219
68552059
68742060
67145645
68552770
68510130
67124105
66077650
66113650
68701010
67120447
66095060
66843470
66110123
67118060
68025560
66110170
68505260
66911260
66812401
68506713
66842114
68506330
68030025
66650345
66643650
66033770
66073710
66073000
67103140
66110005
67105133
66812025
68703150
66030532
67033690
67120551
66020015
66630735
66110003
67140600
66110045
68512340
68551851
68180170
67140805
68551522
67125035
68628557
68035040
68182050
66843745
68373330
67120225
68551765
68005394
67124020
68506731
68746233
67113030
68625170
66033540
66690230
67120184
66030140
68025861
66933050
66040903
68374738
66093270
68504150
67133150
68376783
66635195
67020410
68741210
68455705
67120882
68700100
66077331
66923030
67120090
66026354
66810123
66123420
68504023
66825310
67120381
66650517
68627656
68017245
66812087
66821500
68455370
66110143
66113013
66075515
66625075
68746590
68181270
67100260
66123200
68025035
68005398
66650345
68040315
68557509
67146091
66026292
68743432
66815450
66033760
68550745
68373420
67130080
66816300
66070535
68456453
68553560
67010660
67015230
66825380
68513620
68746770
68459670
66026630
66095040
67033540
68500370
66643600
68550048
68552062
68743422
68506055
66030248
66020620
68742585
68513040
66025138
68460209
68377570
66090470
66623080
66910460
68742420
68459232
67125068
68627135
66813490
66820405
67120705
66123730
68371505
66075641
66918350
67130565
68371340
68181150
68030520
66030354
68377865
66625740
66830660
68513685
67125710
66921070
68555193
66117392
68372587
66025038
66810672
66833053
66033265
66810091
68377078
66822106
68005380
66123450
66075365
66845145
68506811
66070540
68744022
67105019
68500070
66026162
68459530
66075900
68744610
68630877
68554497
68035260
66645060
68509500
68742240
68456357
66650445
68701820
66030203
66090700
66630370
66810106
66822160
68511310
68741313
66914200
66026402
66810191
67120425
66055000
68025490
67120688
66055901
68373113
68455148
66645235
68181462
66040036
68700710
66113886
67030380
66831046
68742867
67146007
67146016
66625223
66030406
67145545
67120295
68374120
66083443
66816780
68376108
66625737
66070336
68630706
67033710
68513840
68020129
66822121
67040280
67133805
68740162
67010360
66813330
68625140
66640220
66825770
66640559
66613095
66615772
66045508
66095215
68503200
67033875
66026314
68182060
67013717
66845432
66640185
66640250
68702156
68552780
68505370
66026755
66635895
68458480
66840155
67110290
68506803
67133350
66913060
68746474
66083360
68627506
68030070
67146036
68025060
68554010
68702180
66630105
66623180
66080472
66643740
68704005
68501660
66650280
68513120
67100670
67145835
66030575
66030110
67020520
66917160
67145048
67133062
68377094
66630890
66814105
66113887
66650325
66070286
66920340
66823255
68513390
68746020
66919430
67120671
67146178
68377200
67013548
68503090
67145191
66918030
68626614
68630610
66617520
66917010
68550260
66083600
68557818
67030225
67146114
66060275
67033006
66025423
68020000
66113822
67125851
68557510
66630100
68181210
66026705
66033440
66635008
66920250
66923290
67125685
66635495
66913250
68040510
66026078
66030335
67020000
66030166
66822109
66822310
68628568
66825831
68557700
66077690
66830230
66115011
66911170
67040200
68508100
68740090
68503210
66670210
66075575
68460060
66811155
66060271
66053903
66921090
66811770
66030482
66812477
66053420
66625105
67120134
66843560
66917100
66814310
66643045
67143550
66033350
66087685
66810125
67146002
66640215
66842360
66822390
66025600
66846450
67013520
68746680
66070708
66811106
66085215
68550452
68459220
66075080
67133250
67146270
68025570
68550295
68455290
68552067
66842108
67105103
68557712
66617170
68628085
66033215
68503390
68043380
68508360
68742587
68045021
67146007
66923380
66630530
68038115
66690380
68746290
68182110
66811095
67105067
66831054
66917100
67040010
66020240
66812403
68557358
66640117
68627697
66825700
68701811
66073320
67130260
66633000
66635665
68040475
66633001
68550400
66025423
66821710
68459700
67140672
66912170
68742877
66821379
67118250
66920550
67120132
66110085
66643085
66110200
66913670
66640735
68741222
66110002
66613080
66033337
66033113
68374274
67015666
68372871
68506771
67020095
66625860
66645645
68513227
68745480
68745740
68020270
68460114
66615615
68376777
67013218
67140668
68181170
66030130
68047050
66825262
66625160
66825242
68746670
68743055
66070550
66035000
67105019
66845370
68703113
68745026
66075450
68376049
66916490
66842141
68557050
68628576
66090904
68026025
68506080
66919090
67124225
67140700
68742840
66920160
66110000
68741580
66020230
68030290
68025370
66026262
66013110
67125121
66073630
66115090
66613830
68742211
66816755
67110220
66623335
67040380
68743423
66613350
67145014
66643168
66815570
66840505
66620160
66026204
67013850
68630720
66617480
66117404
68455440
68459850
66093650
68553380
66033728
66635086
67120428
68015160
68025864
68742244
66117010
66635685
68513674
66610860
66825150
67143043
66635705
66816540
67146170
66026078
66640465
68743753
66670016
67113693
66630295
68744114
66821670
66035180
66030590
68630525
68045140
67133095
66613355
66080190
66020600
66825248
66055160
66825702
66630225
68505550
68010010
66110061
68552347
67115260
66813096
66613180
66820771
66915040
67120660
68626584
67110050
67145187
68508040
68628517
67113023
66075855
68509650
66093210
68555111
67030110
66816795
66633710
66811045
68700350
68744126
67040035
67125875
68550500
66820731
66115550
67033233
66810100
66650355
67125842
67010070
66613700
66640770
67125697
67110625
66060281
67145380
68045240
66033107
68557125
66625857
66075525
66912230
68455672
66820090
67146216
68746241
68045340
67110620
66050080
66615275
66816221
68458080
66643700
66040270
66026262
68701805
66650515
66820107
66820077
68005380
66830100
66919410
66026115
68375362
68744142
67118060
66023010
68371278
66811380
66073480
68182150
68556530
68628420
66919350
68745130
68511280
66620170
68455648
66645445
68043290
66820832
67145355
67133325
66023010
68746722
68500460
67125325
66650055
67103370
68377600
67013350
66842190
66813185
68180360
68180250
68043290
66020340
66833640
66811660
66085670
66075185
66620660
67140835
68460009
68745145
66815232
66023900
66113003
68508340
68180610
68511080
68506805
68455195
68508335
68553530
66670100
67105002
66026196
66026650
67030590
68015055
66032325
66645290
66070235
68458091
68742840
66820325
67145180
66820125
68043140
67133805
68371266
68510170
68746045
68550285
66643010
66110730
66650044
66025590
66812535
66625143
66630242
68628484
66117426
66645345
66830324
67105094
66113100
66060209
66821300
66026172
67100430
68458530
67113715
68377052
66050390
66083100
67035500
68744480
66843660
67124180
66613840
66633280
67033253
68627320
67145518
66640025
68745340
66620790
66821350
66633570
68742370
66650050
66843875
66823061
68374764
66670250
67124032
68626320
67103300
66623060
68746060
66110107
68628539
68550045
66650480
66080650
66032435
68742084
68553055
68455110
67010160
66110028
67015270
66816310
66123485
66625440
68743098
68552800
68555051
66073733
66821352
66615536
66916160
66113290
68377400
67033853
67133610
66070760
68553315
66045335
66063415
68455734
68556260
67035110
68372660
68630720
68511200
66113380
67033860
66060690
66083175
68630750
68045370
68505070
66625091
66690220
68552400
68513803
66912310
66033225
66120354
68744585
66117365
66650060
68455175
66919430
67120706
66821363
68550023
68628568
66625660
68630724
66615211
67120684
68507400
66026855
66030018
66846070
66821425
68513722
66643560
67030115
66820006
66045335
66033716
66087640
66814570
66625757
67040060
66613760
66615002
66625096
66821003
66040560
68551025
68630720
66825193
66810095
66620080
68553291
68742885
66080840
68040380
66912150
68630703
66911020
66635595
68374284
66123320
66920260
68700213
68508210
67033033
66063141
66845145
68744350
66821700
66080009
66110045
68374240
66820752
66650505
67130670
66077150
68552800
67015050
66635317
68501443
67035170
68181200
68552460
66026585
66840230
66083590
68508465
68505150
68459598
66083145
68554720
68455733
67133250
68746360
68459000
66075560
66073650
66625105
66820002
68742211
66640050
66833365
66032190
66821680
66026545
68745092
66633110
67035055
66117426
66095210
66065592
67030398
68557345
66063500
66610602
66060205
66825480
68005580
66816094
66650540
68551618
67033490
67020613
68551005
67143230
68745190
67120298
68743130
68512664
68551310
66833730
68501450
66025692
68030480
66077844
68180630
68043055
66825650
68045300
68375160
66811106
68554720
66821630
66810106
68020045
67146106
66055900
66080660
68376106
66825790
66073000
68744289
66833530
67105105
66920430
66026660
67120565
66816000
68458160
66095325
66820011
66060170
66810220
67020627
66650045
67013502
66645105
66030448
68701815
67033780
68628592
68745495
66813840
66635430
67145063
68630719
68375320
66825272
67040050
66030700
67015230
66813135
66816712
66635335
67140871
66115217
66630268
66821105
68040405
66026384
66820181
68744132
66912350
68740182
68376787
67125661
66010000
67146198
67146140
66816270
67105053
68740290
67120585
68027160
66815051
66913170
66083165
66845432
68743068
66093370
66115670
68740533
68507110
66610080
68035400
67103690
67105053
66090700
66670750
66620170
67133078
66075060
67015050
68027100
66113826
66623005
67010460
68557768
68700320
66821810
68035080
68551281
68552330
68627445
68556080
68509700
67015666
66825150
67032055
67146392
68025400
68503730
68047060
66025160
67010900
68506015
66053260
68020070
67133102
68556100
66113810
68742070
67035220
66920360
66843840
66833077
66073365
68552820
66831001
66918770
66033270
68552751
68625100
67033150
68020020
66825046
66026348
66026345
68555902
67103350
67124245
68511210
68374560
66821036
68455646
66811030
66075513
66030465
66026770
68552820
66640016
68371210
66650305
68740540
66123510
68551510
66077600
66645240
68552690
66117355
66650044
68743505
68506773
66087670
66623155
66073260
68181290
68375329
67125751
66640685
66060295
66810670
66050410
68181060
66623254
67105006
68557772
68550095
66813250
68626610
66033442
66093060
66640590
68700660
66083491
66825193
66032340
68035770
66813040
68020290
66923050
68630629
66050770
66025420
66821270
66030172
68701609
67140500
68630858
66040490
66623259
67118273
68020040
66095560
68746090
66830724
67033290
66053250
68046150
66845822
68555270
68550250
68507230
66690823
66833415
68746438
67113290
68503060
66815820
66070660
66073770
68626588
68701202
68025050
68742125
66020625
67015525
68015060
66650300
66919130
66840070
68456010
67040500
67040340
68741030
68701300
68502200
66823097
66811783
66030380
68627540
66020700
68743263
66823104
67113015
66810004
67125130
67145038
68375365
66077215
68626030
68555290
66822110
67015650
67120594
68371020
68502010
66633105
66821331
67120696
67113015
68371263
68371163
68510190
68513738
66095300
67105118
67125649
66123800
68554288
68015410
67030403
66033726
66920800
66019020
66640650
66113882
66026425
68372603
68627478
66645850
68373102
68501646
68377064
68501420
68557369
68458685
67013025
68181160
66623230
66825455
67145137
66115222
67146309
66050460
68627510
68459750
67100490
66623570
67140340
67143250
68373460
66833660
66830720
66823083
66652110
68513641
66617070
68047050
66842116
68744376
66093082
68376050
66822165
66650477
66816410
66640840
68743150
68553030
67124017
67130500
66840620
66623256
68557361
68371360
66645030
66060125
66842350
66032215
68742011
68746730
68513705
68507680
68557758
68553342
66640285
67105096
68701490
66123400
66080140
67013370
66117018
67145470
66645005
67145117
66640000
66120230
68552441
67145048
66032050
66075010
66615675
67125059
67035105
67120392
68743310
68455743
66633410
66090830
68744117
68627464
68741224
67010320
68742522
68181474
66610902
68630768
67130235
68512662
66065350
66083340
66030635
66690520
68506220
67013530
68741290
66645390
68742857
68040730
68500180
66812080
67013360
66075155
68740552
66070620
68745475
68503760
66075425
66643060
68744465
66123350
68746478
68459844
67146222
67120415
68627439
66821291
66919460
68513430
68702153
66110085
66822266
66033367
68456030
67033871
68459846
66613890
68554133
68626381
66620070
66920750
67033100
66073040
67125133
68455677
66095360
67120650
68552370
66630790
68455014
68743263
66635267
68625215
66840077
66063435
66815270
68740250
67143025
68554713
68742170
67125375
66623300
68627466
66815150
66033580
66910270
67105028
67145770
67140430
68630627
66635317
67120598
66030432
67120890
67130695
68022035
66032040
68513763
68743183
66110121
68505220
66617150
68630788
66065001
67033720
66811490
68500390
68627022
68455070
68456430
68507690
66070533
66821725
66026158
68625070
68742874
66026595
66822102
66645065
68377062
68701360
67010165
68513805
66615085
66822230
66821275
68020720
66846020
68627150
66643500
66825245
68043065
68741750
68555061
66617360
68040170
66026533
68741402
66825700
66117386
66820666
68740240
66840033
67130365
68459888
66079240
67120160
68459190
68501820
66032210
66615784
68501190
67020635
68700690
68456685
66822031
68554100
66822175
68512632
66032090
66077136
68508460
68005392
66645265
68457316
68459074
67125858
68741780
67030650
68372480
66814100
66843326
66080310
67020450
68377859
68513350
66814040
67030020
68040830
66820718
67033790
66113300
68372195
66833772
66079690
66920760
68504148
67125847
67030060
66040174
66063400
68744420
68458045
68513817
68700100
66063105
66623480
66075620
66670250
66060095
68020210
67030830
68554080
66083425
67146200
66079190
68740406
66825242
68552155
66625430
68015350
68513809
67125041
66093010
66645635
67120397
68030140
66080520
66026138
66610095
68626407
67120708
66816775
67120685
66643837
68010710
66613365
68551213
66615240
68746465
68700670
67120398
68625355
66923280
66060700
68025860
67040110
66814110
67120100
66822630
66820770
66815100
68744435
67110610
66060830
66650465
68035790
66635655
67015200
67010550
68741297
68555360
66823097
68551505
68740181
66113510
67130040
67105490
66825640
68455260
66075185
68458830
68458460
68630706
66630200
66921240
66630735
67010341
68746227
66823395
68555075
68372260
67140337
67143711
67033017
66635510
66117390
67105305
67124155
66060420
66633160
67013663
68015340
68627516
68376757
68743812
68554140
68552130
68556040
68741585
67146100
66123690
67110830
68005100
68015580
67033001
68553005
66623283
66812097
66020448
66085733
68371296
68740410
66030200
67020397
67140658
66816880
67133108
66623260
66650455
66623330
68740220
66820754
67033200
68456080
66030290
66110166
68743140
67030392
66123170
66087430
68455753
66025687
68513795
66117240
68181270
68746120
68741620
68025380
66032470
68550315
68742126
68741100
66075421
66820038
68551270
66113880
66825706
67133803
66110031
68746300
66083180
66690814
66026283
66065052
66060170
66625120
68512170
66073780
67124210
66032140
68030220
67035280
66065062
67013884
67105117
66085170
66030016
66070658
67125654
68746720
66080060
66085503
68741250
67140674
68627555
66025687
68702100
68557502
66650065
66635110
68509640
68741600
66080840
68743100
66823095
66070760
66812329
67146456
66814380
68455676
66030332
68555805
66815230
67145135
67118041
68502280
67010574
66085095
67030691
67118410
68373490
68020620
66085260
68741321
66916170
66610035
67130365
68744232
66813205
66065267
68740125
68509620
66630640
66617370
67125843
68460035
66077291
66630286
68458850
68557521
68556150
68557366
66110135
66820111
68745410
68455080
68375397
66123690
67035530
66060570
66825193
68628110
66026505
66840330
68375110
68628340
67110580
68040100
66820117
68022150
66030388
66120005
68030052
67133062
67125312
67143140
68181030
66823106
66645405
66110044
66087055
68377395
68552825
68455694
67013225
66093210
68628500
66090830
67033130
68512362
67020115
67140655
67130570
67033017
66113055
68741320
68459020
67146122
67146108
68557706
66613080
67146100
66035045
68500300
66070394
66919270
66070515
68015780
68455701
68005425
68459590
66820027
67130410
67105043
68503620
68506671
66640474
66845370
66060290
66843710
67146010
66113090
66077815
68038100
68180480
66670370
67105127
68742227
68373500
68030044
66077667
67125739
66623460
66623555
68042010
68555680
66630071
68455149
66635170
66640640
68741380
66630015
67030150
67120395
68742879
68551555
68552204
66026248
66065052
68035790
68554707
66820728
66633210
67145074
66079340
66670355
68010450
68625590
67013220
68700753
67133022
68626392
67113066
66075790
68744385
67145161
68017110
68700755
68627400
68503500
66113380
68377048
66918710
67146028
66630215
66065203
66840405
67120709
67125613
66617490
68630702
68010050
66030534
68509570
68628588
66812020
66815175
67140688
67020127
67035315
66113225
67013712
68046140
67133126
66821220
68456580
68017205
68375371
66073770
67140100
68628470
67120430
68555151
68017150
68741515
66093541
68743696
66026300
67125604
66073340
68742879
68557535
68182170
68005550
68554303
66110039
66110099
68742866
68746741
66070060
66845360
67010660
66815556
67146466
66825821
66812401
67010520
66916110
66843175
67124080
68627250
66811160
66823224
66025675
66055530
68627440
68743360
66110107
66093903
66085215
66640557
66670015
66810075
67146458
66085024
68508420
68554250
66825829
67110080
66623190
68020590
68703090
68743610
66911050
66816690
68181410
68552218
68456904
68703346
67130490
66065400
68553100
66045120
66623460
68373095
68455350
68744560
67030000
68459601
68746671
66833570
67145131
68742228
66810250
66063015
66077653
67100470
66085260
67113330
67146040
68030060
68513320
66821455
66123700
66025700
68703123
66620170
68040015
66833774
68015760
68371310
66820756
66063080
66820830
68513755
66821340
66033180
66615650
66843850
68745250
68010640
66846565
66833078
68501251
68700650
66075180
66846180
66055142
67113070
66822109
68035610
66025430
67140750
68455708
68740150
66045640
66812412
67145518
66820773
66079180
66811105
66060520
66811130
67143730
68744150
66820328
68455669
68626270
66055060
68745000
66065222
66075225
68507150
66065158
66110381
68743653
68740180
67110420
66090060
66825249
66026515
66110166
68501537
67020740
66030198
66025020
66079790
66912230
68513600
68377062
68458005
66815451
68020055
66623580
66910220
66813320
66840405
66123130
68376737
66093904
66120700
67120437
67033895
68743703
67145120
68504210
68552440
68035320
66640355
66115140
68374140
66842137
66045105
66820041
66077610
68509340
66843150
67103290
66813035
68502002
66026463
66913520
68554730
68376705
68375120
66026443
68040352
67033630
66623336
66821225
66026705
68022050
68552155
68555071
68557702
66075690
68513744
66083160
68554575
66822110
67125078
68511300
68513674
68510042
68553034
68742832
68455696
66060295
66117432
67145128
68010475
66033085
68372630
66918020
67145189
67020270
66080150
68552150
66073080
67145545
67140050
66810106
66820501
66025034
67013834
68630881
66610213
66820667
68372350
66077005
66075728
66821295
66645345
66070136
66833760
66815025
68550035
68700060
68372700
66032465
66825824
68626510
66030308
66060420
66846500
66010070
67130580
66650110
68554650
68060240
67143065
66040087
68180330
67145485
66916130
66113830
67105470
66846070
66026455
68746742
66025671
67105083
67145114
68035075
67105139
68627576
67110830
67105790
67113160
66830652
67040205
67013232
68375379
66813460
66033205
67033028
68702273
67030245
66640805
68557710
66811715
68460149
66085503
68628538
66079820
66811620
68500420
66625285
66070430
68743697
68040660
68459380
68557507
66820087
68372400
66032250
68626502
68376767
68458230
68555015
66083490
66918220
66026458
66823228
66040440
67118160
66914190
66911100
68625420
68372700
66921200
66115000
66811240
66613090
68015080
66815060
68506697
67146256
67146030
68455704
68502848
66026335
66077667
68042030
66812403
68630844
68628568
68626505
68557554
67133540
68743092
68020165
66030006
66630394
68500170
68745045
66650385
68740130
66615744
67100020
66030376
68035420
66842040
68554295
67110590
68500120
68040280
66117408
66060630
67030530
68555460
67113045
67010800
66640481
66093681
66615794
66110055
66117345
68035360
68043460
66077425
68630730
66040130
67035530
66913050
68455090
68456453
67103390
66115053
68372580
66633170
68700285
67030858
68630840
66650044
66023220
66030342
67125660
66063115
66060480
66113560
68555091
67124040
67140850
66831014
68372775
66812490
67143690
67120865
66825709
68043130
68025025
66650205
66070180
67105022
66814500
68455757
66625125
66063030
66620025
68181260
68373420
67105019
67120535
66630265
68551555
68550660
68550243
66814490
68628580
66643880
66820743
66030162
66065235
68015160
68458010
68626362
66070084
68041040
66033425
68045260
66825115
68501840
68557772
68700380
66083340
67125515
67143730
66825105
66077570
66813045
66625093
67103050
68377530
66810124
66833400
67010050
67030265
66635200
68455723
68509094
66822113
68742660
68626568
67145104
66080240
68047035
67035275
66816755
67133815
67113800
68630774
66087270
67146022
66821620
68742082
66610485
68377337
66050240
67033045
67125592
68376502
66652120
68041025
68181300
67113371
67032011
67130365
67125879
67030027
68552748
68045500
68504100
66843500
67040105
67020651
66065122
68455705
66652280
66833350
68625020
66030198
68456190
67120790
68743091
66810107
68504132
68745375
68557756
66833200
66810520
68513641
66623297
66830644
68005330
68375260
67120250
66063135
68551800
66815655
66833833
66820725
66077630
68456500
66030017
66033620
66640135
66026186
68455460
66117160
68627694
66080325
68702278
66625197
67105675
66630480
68741328
68742232
66085451
66640675
66625005
67100040
68506390
68550260
67146476
68043390
68501300
67140250
66070606
66812230
66063105
66820415
68458042
68557870
66833127
66643115
67125327
67040060
68507250
66640805
68506660
68377066
66020448
67133170
67125351
66030580
66812580
66120120
68377847
68501443
66811240
66033590
67125571
66070540
66816193
66825682
68455726
66073315
66085200
68371532
66115350
67140712
68507530
66090780
68020670
66019060
67103690
68459848
68501535
66842290
66810020
68700290
67030765
66821105
66821425
66060430
66077130
66625360
66635107
66030465
67013572
66030428
68501790
66085021
66615620
66030070
67030315
66075640
66030374
66650555
67113010
66917180
68030530
66820804
68742231
68701120
68456480
66821635
66095490
66645625
68557848
68374772
66077795
66123310
66913400
68746190
68507340
68181090
68374310
66833740
66650015
68030045
68552793
66640570
67125015
68627150
66070240
66615635
68551205
66080050
66030560
68630530
68181100
66120620
66032365
67125587
66025500
66017020
68513170
66820155
68744374
68627006
68504148
66085315
66821055
66623309
66026695
66825030
68512370
66640490
67120188
66110086
67103700
66635595
68500330
66120100
68046060
67140190
67145775
66026370
66070410
66842126
66065800
68512300
67120825
67115130
66811410
66030540
66650085
66110168
68555500
66823063
68512672
68372705
66035265
68456690
68557507
66843576
66842070
66919610
66617030
68180130
68555123
68458410
66645315
67125345
68551134
67120205
66821001
66123650
66033130
68456030
67146057
67015150
66843400
67125070
68701420
68459010
68743662
66026440
67125280
67146296
67130330
66030278
66633011
68371296
68626584
66615003
68550515
66073600
66040320
66613670
68627513
68017195
66053130
66093440
68550292
68742065
66070504
66610170
66032430
68371262
68371180
66831057
66093027
66640220
68508320
66095662
67133105
68628025
66816293
68460141
68040610
66822530
66840185
68046130
68459603
68377628
68744265
67118095
68552635
67030398
66825125
68375088
67105072
68005000
68555903
67118564
68042005
68375465
66093105
66093065
66095425
68375035
66026388
68045029
67115130
66025422
66921250
66050000
68745420
66650300
66833315
68506420
66030135
66093033
66643050
67133000
68627558
66846040
66015240
66845140
67033060
66070070
67015210
68630590
66075045
68551825
66815260
66645067
66825527
66053390
66825119
66026004
68742232
68557554
67130615
68513632
67013500
66816235
66810086
66033340
67120290
66087610
66918320
67125841
68035470
66123670
66918400
67033239
68743495
66030193
68456200
67146314
66812422
66087460
67143065
66643815
66846001
66821300
68377818
68700526
66640645
66833170
66617590
66093190
66911240
66690290
66113047
67113372
68625170
66815785
66813460
68552090
66810118
67105165
68459102
68376038
66821359
67105675
67120586
67133520
66110470
68507240
66613235
66645495
67015623
67124010
68742164
68035250
67125270
67100530
67113630
67020452
66615792
68744233
66030534
68506230
67015210
66918150
68626392
66026292
68376108
67105035
68372610
66075150
66617360
68005420
66814450
66815215
68743729
68741770
66075820
68459170
66812385
66650375
68626584
67140260
68555083
66842410
68743435
67145144
68744580
66079005
68509230
66846360
66625097
67013660
68552805
66087430
66026720
66070065
67013190
67033016
68550650
66635695
66623289
66820123
66811805
66113047
66918080
68550495
66025015
66811490
66080045
66833100
66030514
67033008
68626180
66811827
67146034
67145077
66643645
66033580
68507270
66910090
66035120
68025040
68376779
66630780
68181461
67145490
66077475
66625410
68552240
66117365
66925030
68555045
68557170
67145270
67120785
66920820
67120519
67145610
68180140
66843270
67145019
68743436
66025160
66933010
66916410
66110730
68555907
66087290
66073715
66113330
68551545
68459842
68550465
66630010
66123720
68456905
66025011
67120391
68551225
66690799
67103000
66918230
68512600
68502816
66033620
66035125
68511150
67010485
66070526
66080660
66813380
66045460
67120512
66077061
68502440
67105520
68377265
67030315
66650185
68700523
66093170
68701230
66026440
68551534
68630860
66620760
66822114
66015010
66925010
68556412
66923020
66020030
68626382
67125735
68550505
67146376
68455693
68701805
68740250
66913160
68005500
66820718
66117456
67145038
66075750
66077085
66814558
66113045
66073330
66816273
68550760
66810117
67115080
67040175
66085651
66842170
68180100
66625390
66033425
66033021
68742857
68551613
66060190
68510024
66643814
68040480
66093200
68377160
68371113
68030060
68742853
68500350
66630076
66033172
67145720
66821675
66045160
68456906
67146020
66640008
67133220
67010060
66670015
67125721
68744216
68506683
68628410
68502590
68630854
68456480
66822280
68458510
66026378
66650430
68017082
67033243
68511030
68372820
66033660
68375327
68700532
66080670
68376094
66919480
66120260
68460004
68035025
66823215
68512540
66623070
68180400
68552640
67133810
66110123
66815755
66812155
68742062
68701814
66026062
68503540
68552698
66690010
66811713
68371113
66610390
66023790
68374590
68625015
66916180
66113011
68455010
66015175
66918190
66811220
66652166
68744370
67146160
68455150
68626610
67120181
68015250
68700540
67120395
66810107
67130685
66060560
68501160
68702250
66820754
66630851
66840235
68371160
66821285
66840335
66825542
66814390
66033455
68551260
67124030
66070240
66032105
68020550
68017005
66077720
68377064
68552400
68181360
66090200
66077291
68506470
68455646
68374302
68015680
68553250
66032485
68455669
68456160
66060110
67105002
67133195
67030124
68740200
66820789
66073450
66110106
68628060
67105052
68742122
68030680
66625083
68550192
68371552
66055050
67133795
67113360
66633410
68742145
68503370
68455677
67133008
66623040
67145015
68504080
67013300
68627442
66060755
66846350
66077330
68555260
68503520
68701270
68502270
66040490
67145052
68506677
68376732
66095510
67103630
66917200
67146222
66820600
68741120
66821740
66083280
67145092
66919010
67145565
68042135
68552748
68017015
68020600
68459874
66815640
66113066
66821480
68630742
66830070
68508335
66831024
67118050
68551555
68506713
66085045
68376094
67125591
66053360
68375530
68374720
66825480
66085050
66820445
68745197
66811130
66110032
66816650
66821097
66625008
66812477
66911260
66073330
67105093
68180630
68371486
66816230
68373120
67120389
67133415
66831032
66845690
67125058
68375465
68743694
67146394
68625045
68551330
68374711
66630074
66033490
68744332
68630731
68550152
66070644
66025218
68628045
66110135
68374020
68555610
68554735
66117464
67125052
68504060
67010450
68627521
68456320
66033220
67020701
67140090
67125450
66115900
68010520
68743402
68015630
68745416
66913040
66831001
67125122
66816223
66020740
66912070
68746130
66650245
66050900
68700005
68625410
67124230
66843015
67125000
66032120
68626215
66821025
66033620
68045600
66030354
67033300
66640735
66060210
66643163
68181090
66615605
68742100
68502420
66840077
66825117
66120270
66635295
66077215
66030382
66077280
66650240
68458900
66035900
68557500
68043040
67100600
66110032
66643176
68501100
67115080
66813660
68554080
67145099
68042110
67130180
67030392
67013110
68035010
66110011
66811585
66813250
66670340
66650175
68375356
66615050
68702293
67120399
66050770
66025230
66613012
68745375
68628594
66113510
66090780
66017902
66075745
68508480
66825780
68180420
68744350
66846180
68555070
66811135
67133570
68557764