66920180
68743420
67146156
66095305
66093801
66025032
68502836
66075594
66080075
68372572
68460214
66617460
66620480
66026074
68502280
68701606
67120310
68551550
66087025
67133047
66640195
67040800
67146158
66815145
66650115
66077525
67125149
66816300
68557710
67145127
66645305
67013243
66120120
66823087
68375370
66645290
67124055
68742831
68010450
66690070
68182020
66625014
67020430
67133005
68501130
67125713
68744550
67013659
68626426
68627618
68015350
68552322
66083035
68460154
66920270
66645060
66650044
66816240
67113021
66017020
66615228
68704009
66911190
66820740
68742866
66026195
67125095
67125063
66075520
68372560
66640890
66820006
66630077
67145136
66916290
68045150
68373094
66630176
66075594
66833053
66095495
68043010
66640460
68026060
68742854
67145255
66110162
66079190
67030000
66933040
66821133
68458091
66615790
68556110
66816200
68552845
68557652
68512530
66065057
66020740
66077705
67115114
67105118
68457120
66610020
66645645
68376602
68505010
66916250
67120416
68017080
66650507
66830430
66821291
66025420
66117406
68372700
68460141
67118051
66063190
66843161
67035600
67105210
66921100
68741680
68550591
66077620
66117438
66065025
67103030
66823104
66077750
66823590
66625740
68455020
66095430
66650550
66921040
66846430
66630175
68743721
68742587
68742376
66814535
68377043
66810091
68501255
68047050
66610210
68030670
66115005
68506230
68507680
68374732
67118002
66053110
68741670
68507390
66030373
66640434
66030415
68506440
68702260
66650400
68374370
66810006
66030124
68040066
66842335
67013893
66050000
66115650
66812065
67105131
68740440
66645200
66635595
66813450
66814365
66115170
66820740
68035200
67124195
68745292
68742215
66650420
67015150
68746650
66833310
66026590
66070110
66050110
66623640
68040240
67013214
67125015
68743455
68371360
68020035
68628590
67145180
66085024
66026315
66030393
68455280
68374540
66040082
68377180
68455154
66077150
68625480
66625015
67120525
66820445
68630883
66017170
66814185
66635267
66919380
68512738
68555670
68459848
68015410
68374570
67113040
66825500
66110124
66843210
68372585
68376770
66070072
66823050
66026112
67013246
68742030
66820743
68553295
66923130
66613750
66110131
66070128
66843640
67013201
68703247
67133260
68554345
67120138
68457335
68703012
68502450
66830335
66833600
67125848
67105026
66814590
68372862
68459420
66080045
67020790
66077150
68455450
68040080
68459601
68745011
66815045
67110190
66085250
66911170
68010410
66640715
68552080
67120519
66065840
68551210
66816590
66030106
67130575
67125140
68513020
67033630
67040740
66026415
68512372
66625252
67125185
68628205
68702230
66026538
66845050
67146310
68030052
66820650
66921100
66030590
68703350
66919210
68459842
68045440
67105031
66920020
68743726
66026332
66812387
68503050
66823223
66650095
66825460
68460280
66077440
66033230
67125846
67113055
66811690
68700741
66821200
66625140
67125046
66633180
68703012
66025730
68513530
66087670
66643802
66822570
66630250
66814022
66040430
68371157
66635825
68502030
68513080
66810520
67110780
66625033
68375395
68020670
68744550
68459390
67103150
68040525
67105320
67125420
68458540
68552204
67030680
66816293
67120000
66077136
68460051
66816217
66026545
66030332
68045190
67125351
67015631
68746716
66845822
67120080
66010095
66110157
68020710
67130375
67033100
66625610
68744301
68746734
66811160
66033343
68627060
66013100
68557826
66623278
67140320
67033540
68555815
68035060
66918110
68513632
66087200
66073790
66063078
68703010
68507210
66060205
68502080
67032183
66023005
68181475
66026715
66825565
66823092
66083496
68555130
68626392
68042045
66032340
66077160
66075000
66025638
67133180
67140704
66017010
68060140
67105730
67033850
68020760
68500290
66026374
66833005
66110710
66095255
67013892
66617550
66055480
67145070
66916460
67030150
66810672
66820117
66070332
67145498
68745095
66610090
66075228
67035305
66617290
66825673
66083145
67030045
66640390
68742810
68741393
67146394
66830723
66625045
66915170
67120294
68557130
66822126
66833077
67146067
66640845
68554725
68377268
66635875
67133185
68505230
67105109
68372567
68043250
67040270
68743699
68372685
66083095
66030484
67020105
68503520
66823580
68554635
66073353
68741635
66650790
68505610
66825539
66030192
66813860
68040405
66615720
67125441
67146454
68630854
66030322
67125180
66822640
67143720
66040085
68740430
66823195
68513744
68045020
66645115
66617370
66813148
66113560
66080025
66913610
66113620
66822610
66026375
66650467
67040560
68550325
68742090
66816255
67145142
66640065
68627568
66833040
66095045
68628210
67033006
67140220
66095300
67133263
68457203
68701613
66075100
66063350
67020683
68501161
66085520
68459275
67030165
67145680
68500160
66010130
66030162
67133130
66650045
66645503
66030650
66615545
66610345
67133417
68513632
66610305
66033258
66833640
68511200
68744126
66040100
66010147
66075720
67140878
67145158
66115060
67015420
66812063
66912010
67125086
66023230
68555650
66070073
68743187
66030236
68181477
66814440
66026118
66050440
68020390
68507080
68508090
67125723
66820664
66650525
67040440
66820329
68742734
67145845
66916310
68627459
66645490
67120434
68704122
68744475
68512270
66825841
66645425
68551628
68458440
66821725
66640406
66085630
66115570
68557040
68035180
67120593
66113000
66840430
68457310
68501100
68740180
67105067
68553577
66026390
67110600
68744195
66110079
68626280
68626340
66821020
68501529
67146051
66020270
68508485
68555065
66083175
68046140
68627270
67010740
67125371
68740240
67020095
66811630
67120670
68510107
66053230
66820831
66093320
68374780
68554415
68460010
66070702
67010620
66650160
66033447
66921150
68746610
66816820
66026090
67013354
68455470
67146140
68741517
68557832
68703109
66032460
66113800
67030162
67030390
68181190
66615810
66060125
68372410
68455540
68181010
66110010
68553058
66063105
66110048
67143560
68459885
68745120
66065361
66919530
68550745
67033859
66026418
66933080
68020145
68045160
66831115
67010640
66077525
68060300
66093590
68043220
68377046
66625023
68557822
68554010
68553320
66811825
66095055
67125663
68015310
66083570
66643827
66635445
66823395
66823595
68010475
66610325
68456685
66110022
66026550
66623401
66085024
66845145
66110123
66033220
66020655
68458071
66630275
68743640
66812180
66613110
67033220
67143240
68555815
66821353
66085085
66060271
66023035
66093034
68555030
68742524
68030430
68556411
68005430
66840505
68377814
68745500
68743728
66615226
66026125
66077832
68512000
68180050
68557045
67130545
66020190
68743520
66075150
68513360
68627014
66815010
68376606
67120055
68460147
66613065
68046100
66045340
68460035
66113230
67125516
66115006
66045590
67015040
66073145
68182210
68020310
68460281
67120485
66912290
66623140
68557758
66811280
68553055
68040440
67035420
68627520
66090710
66830504
68744328
67125730
66690410
68743757
67146382
66815051
66920780
66645605
66820123
66812500
68745242
68501370
66913470
68550160
66815340
68745330
66625810
67040620
68456680
68746045
67125821
66633620
67146012
66650044
68372040
66635785
68701380
68512366
66842010
66065236
66093370
68555710
68741120
66033380
68457315
66077663
67145545
66073350
66065182
68020105
68373100
66115087
68628529
68626354
68625335
66640395
66620390
68372100
68046070
66015020
68030047
68627380
68043270
68557660
68458100
66640646
66821540
66640559
67146432
68455520
67030440
67125685
66815135
66093904
67032190
68626538
67105029
68458810
66640017
66816320
68455729
67013190
66625080
66814165
68630746
66077245
66117408
66110165
66083280
68701811
68456353
66030188
68742220
68371276
66613365
66625440
66814300
68625060
68550062
67145650
66065399
67120604
66625530
67100260
66080300
68045130
68746580
66085800
67125012
68628568
67146202
68025877
66085445
66625747
68509010
67125109
66050330
67125869
66070888
66026292
68015470
68180630
68742868
68742062
68005100
67145295
66630217
67113520
66617480
66070130
66033195
66055400
66080230
68628508
68742859
66070294
68180510
68025165
68512652
68375055
66035190
68743340
66073180
68501151
68506675
68626422
66831049
66845690
68627548
67010000
68375082
66120000
66690811
67120292
66055005
66811470
68551768
66030448
67140708
66093355
66811700
68513771
66625660
66083150
67033530
67133160
67040480
68742387
66917090
68372597
66055700
66030160
68628320
68375480
68625620
67146044
68628230
68555230
66919270
66842119
66090450
68550435
66073090
66095550
66650250
68743500
68627004
66079005
68040694
68501080
66670680
67015420
66093490
68742510
66115670
68507550
66821545
68746890
66815390
66822145
67145064
67145440
66815151
66045170
66650204
68627510
66650715
66032015
67120575
66650440
66113320
67125056
66063290
68551090
67146090
68746750
68700030
68045580
66025667
66063095
68375455
68459112
68628557
66113420
67125755
68744540
66030055
68371125
66019905
68373110
66085120
66030440
66917210
67145271
67140620
67130750
66652262
68628055
68627140
67120465
66640478
68557500
67133535
66840110
66633580
68045140
66822470
68501410
68506787
68010490
67120294
66030515
67118095
66110028
68005000
68746481
67013888
66630069
68550650
68556455
67145093
68455701
68501529
66625105
68630625
68457070
68510080
66077020
66110125
68025600
66063147
68460144
67125849
68506717
66026115
68022118
67033033
66033716
66080730
67125697
68375030
66080510
68374400
67146138
66033115
66650060
67145019
66123080
66087380
68460223
66075420
66090560
68005397
66050520
66625125
66023360
66918760
66820740
66921090
67010340
66120901
66095650
68745541
66033820
66913210
66093042
68740100
68015120
68554315
66690683
66650504
68557255
66610725
66670100
68512220
66833620
67125770
68455736
66065263
66640135
66816253
68459073
66083610
66820668
66625607
66811430
66690530
68511040
66625260
68700620
66070497
68501610
66063110
66073410
68743090
68553140
68552585
66075742
66630330
68744332
68182180
68375160
68511390
68376610
66919360
68371400
67030245
68458640
66823228
67033655
68042100
66640640
68457005
67013217
68745730
66025062
66650479
68455718
66815120
67130065
67120681
67120700
66115211
66821200
66023220
66085093
68025856
68701440
66110260
66620500
66610190
67015600
68513676
68501310
66110099
68502340
68626610
66815805
66615600
68556270
66815665
66820807
66831105
68505330
68035350
66643790
66110750
67030050
68047045
66650820
66050780
68552390
66030006
67013560
66026372
66030500
68455662
66919160
66026075
68045220
68551528
68550800
67145189
66810247
66816060
66670456
66115640
68511230
68045021
66026413
66063620
66045600
68746241
66833180
66113540
66625787
68010640
66810010
66825546
66635215
68507100
66820759
68746200
68555410
68626510
68554200
68020760
68552845
67110590
68743729
68501262
66615784
66093260
68745060
66645066
66030244
66110031
66820009
68047025
68552160
66625014
66645435
66635257
66015140
66025290
67105290
68512340
68625350
66033810
66610020
67015190
66635185
68557369
68030130
67015300
67118045
66815051
66615774
68630798
68557838
66030428
68017120
68374725
66080200
66032190
66075475
67133450
66812015
68745197
67013530
68505460
66633870
66840195
66050035
68742330
67013666
68556150
67120401
66815120
66620100
67146198
67035560
66625091
68553460
68022030
68377350
67145096
68043020
68630889
68015140
67146029
68510032
67145279
68701140
67105126
67130635
66026533
67030640
66810125
68372130
68740310
66825347
66820145
68744114
66030328
66816760
66035415
67125822
68553260
68456671
67133410
68020552
66690630
68745080
68741635
67146152
68506691
67035230
66831125
67040560
66652010
68746229
66815646
68628558
67105064
67145615
67030160
66821475
68744499
66623245
68025370
66821110
68372210
67020638
68460081
66033430
66845690
68502848
68372585
68180510
68513120
66823580
68459040
66115620
66845800
66815067
66025068
68030150
68458470
66840083
67033658
68373190
66811110
66822400
66820730
68182010
66814190
68741530
66812223
68456063
66920820
67103015
66030520
68746480
66083561
68460038
68375335
68555057
66816236
66020090
68500310
66833640
68745310
66110057
68746257
67146118
67033710
66810640
66825515
66830721
66617200
68557808
66610035
66816700
67125114
66070280
66065102
67125205
66645090
68460220
66020310
68743475
67105085
68047075
67140580
66820135
66816775
68746229
66811490
67030171
66630830
66643060
67146081
66623266
68702273
67120512
66933040
66650000
66030376
66650545
66613365
66090390
66833133
67145081
68742856
66920510
66079760
67118417
66635087
66095345
66083470
66625037
66810115
66823223
66123250
66083320
66820640
66830590
68508280
67120699
68376713
66073140
66035010
68506743
67146071
66083230
66063903
68025845
67146014
67120601
67145147
66617200
66921130
66820395
66812469
66820870
67020637
66123080
68552214
68557700
67146318
66026540
68555035
66075120
68503450
66623060
66812401
68700013
68509470
68740160
66095612
68551630
66814175
68552169
66060130
66026408
66110053
66645475
67100640
66110094
68373115
66117200
66610565
66912030
67113630
68020780
68513231
67130150
68182170
66816203
66120425
66813100
68627380
68743187
68703348
68025874
66085320
66625248
66635085
67033210
67105032
67125296
67030215
68701170
66650545
68743220
66020830
68742373
66630287
66060255
66812053
68741270
66085120
67145200
67020616
66077340
67113550
68459600
66110160
67125323
66822510
66816104
68374702
66923210
68551180
68550050
68455704
66083380
66820118
66053220
68742134
66030383
68743250
68740558
68625280
66065102
66916490
66613125
68456640
66815055
67033720
67143700
67113700
67030591
66623560
68551130
66625245
66085756
68551281
66070354
66821390
68017050
66630600
68460241
66615420
67146188
67125591
68513845
66095612
67140090
68742882
68746720
68627696
66110017
67125697
66825872
68701091
68510140
66030015
68374707
68010095
66812480
68628578
68553080
67125759
66120030
67030550
66073425
66110107
66820053
66023701
66117100
68455012
66820166
68181290
66085320
67013370
68020060
68742872
66842036
66820375
66065710
68030440
66625790
68745072
66077565
66810247
66625170
68740110
66630248
66615690
66645270
67030775
68554303
66913390
67100280
67040280
67120428
66030444
66120040
66110145
68506713
66910680
68376080
68626140
68374600
68025880
66026096
67100160
68746013
68501420
68625470
66645105
68557250
66620110
66915050
66630850
66030528
67133755
67113230
66087190
68501521
66610220
68742170
66821540
66110128
66635545
68743240
66060270
66030187
68455667
67130580
66625620
68377360
68557772
68376781
66030226
66810272
67040560
67145518
68701330
67118470
66077035
66630640
66073840
66640070
66040170
66825820
68740444
67033008
66635901
68456452
66610330
66810057
68513350
66820125
67143280
68628270
66030176
67146390
66635585
66030216
68510400
68020270
66635267
66026412
68043160
68555660
66025260
68744335
66095494
67146028
66615786
68742563
66919590
68060055
68374210
67125451
68459819
68553385
66813430
68551050
66030462
68501740
67120360
67125345
68746452
68551533
68746650
66073215
66810114
66077330
68630836
68045310
66845454
68555903
68743815
66063405
68627320
66918130
67032105
68040822
66080550
68556465
67140713
68371534
68035287
67120864
66110108
66923010
66825257
67120385
68025851
68015110
68376500
68627060
68501801
66079025
68513222
66620025
68628579
68507370
66077340
66921080
66815045
66045025
68371140
66645645
67125709
66640636
66630315
68374160
66060207
66842106
68743055
68746330
66060265
68628135
67130775
66650005
67125007
66640820
68377855
66821390
67124080
66643250
66652010
68554530
68505150
68553060
66080325
67125010
66030314
68377881
66030076
67040175
66093200
68506685
66026082
68459592
68746384
66615380
66822290
66083600
68459260
68553765
68372160
66025290
66643814
66825700
67146194
66026066
66617320
68625025
67145800
66020170
66030090
68045600
66840065
67120585
66833035
68025060
68456010
68501740
68502220
68041130
66923330
67140370
68630508
66023160
68743705
66831155
68556525
67115110
68025400
66093020
68455681
66815305
66630113
66821660
66813310
66013030
66095160
67105420
68703246
67100510
68501810
66840437
68513629
66623260
67033245
66113812
68020562
68371057
66613045
66810091
66822046
67013879
67033290
66630340
66840850
66033700
66615850
66913290
66085000
66821080
67118273
66623311
68741326
68017036
66110074
66814590
66650044
66811535
66045160
66635330
68045032
66820184
67146148
66026354
67125675
68550271
68626562
66053230
66077305
68746640
68742431
68746249
66645001
66831105
66075742
66912230
66815610
68025876
67124005
67013760
66035444
66840685
66833300
68040308
68740446
67140280
66040102
67020175
66831001
66625045
66065500
67040330
68551330
68502380
68743436
66670710
66033730
68459871
66075525
66053240
66814050
68553190
68744330
68742232
67120421
66640510
66811180
66115110
67145148
66833150
66110134
68459597
66085220
66645695
68372002
66690490
67030390
66840640
67030130
68506110
68555901
68513803
68746485
66613190
68458400
66025420
68556575
68375260
66026322
66845100
66055140
66843127
68456080
67013370
66640621
68746240
66033495
67013460
66825219
68552059
68742060
67145645
68552770
68510130
67124105
66077650
66113650
68701010
67120447
66095060
66843470
66110123
67118060
68025560
66110170
68505260
66911260
66812401
68506713
66842114
68506330
68030025
66650345
66643650
66033770
66073710
66073000
67103140
66110005
67105133
66812025
68703150
66030532
67033690
67120551
66020015
66630735
66110003
67140600
66110045
68512340
68551851
68180170
67140805
68551522
67125035
68628557
68035040
68182050
66843745
68373330
67120225
68551765
68005394
67124020
68506731
68746233
67113030
68625170
66033540
66690230
67120184
66030140
68025861
66933050
66040903
68374738
66093270
68504150
67133150
68376783
66635195
67020410
68741210
68455705
67120882
68700100
66077331
66923030
67120090
66026354
66810123
66123420
68504023
66825310
67120381
66650517
68627656
68017245
66812087
66821500
68455370
66110143
66113013
66075515
66625075
68746590
68181270
67100260
66123200
68025035
68005398
66650345
68040315
68557509
67146091
66026292
68743432
66815450
66033760
68550745
68373420
67130080
66816300
66070535
68456453
68553560
67010660
67015230
66825380
68513620
68746770
68459670
66026630
66095040
67033540
68500370
66643600
68550048
68552062
68743422
68506055
66030248
66020620
68742585
68513040
66025138
68460209
68377570
66090470
66623080
66910460
68742420
68459232
67125068
68627135
66813490
66820405
67120705
66123730
68371505
66075641
66918350
67130565
68371340
68181150
68030520
66030354
68377865
66625740
66830660
68513685
67125710
66921070
68555193
66117392
68372587
66025038
66810672
66833053
66033265
66810091
68377078
66822106
68005380
66123450
66075365
66845145
68506811
66070540
68744022
67105019
68500070
66026162
68459530
66075900
68744610
68630877
68554497
68035260
66645060
68509500
68742240
68456357
66650445
68701820
66030203
66090700
66630370
66810106
66822160
68511310
68741313
66914200
66026402
66810191
67120425
66055000
68025490
67120688
66055901
68373113
68455148
66645235
68181462
66040036
68700710
66113886
67030380
66831046
68742867
67146007
67146016
66625223
66030406
67145545
67120295
68374120
66083443
66816780
68376108
66625737
66070336
68630706
67033710
68513840
68020129
66822121
67040280
67133805
68740162
67010360
66813330
68625140
66640220
66825770
66640559
66613095
66615772
66045508
66095215
68503200
67033875
66026314
68182060
67013717
66845432
66640185
66640250
68702156
68552780
68505370
66026755
66635895
68458480
66840155
67110290
68506803
67133350
66913060
68746474
66083360
68627506
68030070
67146036
68025060
68554010
68702180
66630105
66623180
66080472
66643740
68704005
68501660
66650280
68513120
67100670
67145835
66030575
66030110
67020520
66917160
67145048
67133062
68377094
66630890
66814105
66113887
66650325
66070286
66920340
66823255
68513390
68746020
66919430
67120671
67146178
68377200
67013548
68503090
67145191
66918030
68626614
68630610
66617520
66917010
68550260
66083600
68557818
67030225
67146114
66060275
67033006
66025423
68020000
66113822
67125851
68557510
66630100
68181210
66026705
66033440
66635008
66920250
66923290
67125685
66635495
66913250
68040510
66026078
66030335
67020000
66030166
66822109
66822310
68628568
66825831
68557700
66077690
66830230
66115011
66911170
67040200
68508100
68740090
68503210
66670210
66075575
68460060
66811155
66060271
66053903
66921090
66811770
66030482
66812477
66053420
66625105
67120134
66843560
66917100
66814310
66643045
67143550
66033350
66087685
66810125
67146002
66640215
66842360
66822390
66025600
66846450
67013520
68746680
66070708
66811106
66085215
68550452
68459220
66075080
67133250
67146270
68025570
68550295
68455290
68552067
66842108
67105103
68557712
66617170
68628085
66033215
68503390
68043380
68508360
68742587
68045021
67146007
66923380
66630530
68038115
66690380
68746290
68182110
66811095
67105067
66831054
66917100
67040010
66020240
66812403
68557358
66640117
68627697
66825700
68701811
66073320
67130260
66633000
66635665
68040475
66633001
68550400
66025423
66821710
68459700
67140672
66912170
68742877
66821379
67118250
66920550
67120132
66110085
66643085
66110200
66913670
66640735
68741222
66110002
66613080
66033337
66033113
68374274
67015666
68372871
68506771
67020095
66625860
66645645
68513227
68745480
68745740
68020270
68460114
66615615
68376777
67013218
67140668
68181170
66030130
68047050
66825262
66625160
66825242
68746670
68743055
66070550
66035000
67105019
66845370
68703113
68745026
66075450
68376049
66916490
66842141
68557050
68628576
66090904
68026025
68506080
66919090
67124225
67140700
68742840
66920160
66110000
68741580
66020230
68030290
68025370
66026262
66013110
67125121
66073630
66115090
66613830
68742211
66816755
67110220
66623335
67040380
68743423
66613350
67145014
66643168
66815570
66840505
66620160
66026204
67013850
68630720
66617480
66117404
68455440
68459850
66093650
68553380
66033728
66635086
67120428
68015160
68025864
68742244
66117010
66635685
68513674
66610860
66825150
67143043
66635705
66816540
67146170
66026078
66640465
68743753
66670016
67113693
66630295
68744114
66821670
66035180
66030590
68630525
68045140
67133095
66613355
66080190
66020600
66825248
66055160
66825702
66630225
68505550
68010010
66110061
68552347
67115260
66813096
66613180
66820771
66915040
67120660
68626584
67110050
67145187
68508040
68628517
67113023
66075855
68509650
66093210
68555111
67030110
66816795
66633710
66811045
68700350
68744126
67040035
67125875
68550500
66820731
66115550
67033233
66810100
66650355
67125842
67010070
66613700
66640770
67125697
67110625
66060281
67145380
68045240
66033107
68557125
66625857
66075525
66912230
68455672
66820090
67146216
68746241
68045340
67110620
66050080
66615275
66816221
68458080
66643700
66040270
66026262
68701805
66650515
66820107
66820077
68005380
66830100
66919410
66026115
68375362
68744142
67118060
66023010
68371278
66811380
66073480
68182150
68556530
68628420
66919350
68745130
68511280
66620170
68455648
66645445
68043290
66820832
67145355
67133325
66023010
68746722
68500460
67125325
66650055
67103370
68377600
67013350
66842190
66813185
68180360
68180250
68043290
66020340
66833640
66811660
66085670
66075185
66620660
67140835
68460009
68745145
66815232
66023900
66113003
68508340
68180610
68511080
68506805
68455195
68508335
68553530
66670100
67105002
66026196
66026650
67030590
68015055
66032325
66645290
66070235
68458091
68742840
66820325
67145180
66820125
68043140
67133805
68371266
68510170
68746045
68550285
66643010
66110730
66650044
66025590
66812535
66625143
66630242
68628484
66117426
66645345
66830324
67105094
66113100
66060209
66821300
66026172
67100430
68458530
67113715
68377052
66050390
66083100
67035500
68744480
66843660
67124180
66613840
66633280
67033253
68627320
67145518
66640025
68745340
66620790
66821350
66633570
68742370
66650050
66843875
66823061
68374764
66670250
67124032
68626320
67103300
66623060
68746060
66110107
68628539
68550045
66650480
66080650
66032435
68742084
68553055
68455110
67010160
66110028
67015270
66816310
66123485
66625440
68743098
68552800
68555051
66073733
66821352
66615536
66916160
66113290
68377400
67033853
67133610
66070760
68553315
66045335
66063415
68455734
68556260
67035110
68372660
68630720
68511200
66113380
67033860
66060690
66083175
68630750
68045370
68505070
66625091
66690220
68552400
68513803
66912310
66033225
66120354
68744585
66117365
66650060
68455175
66919430
67120706
66821363
68550023
68628568
66625660
68630724
66615211
67120684
68507400
66026855
66030018
66846070
66821425
68513722
66643560
67030115
66820006
66045335
66033716
66087640
66814570
66625757
67040060
66613760
66615002
66625096
66821003
66040560
68551025
68630720
66825193
66810095
66620080
68553291
68742885
66080840
68040380
66912150
68630703
66911020
66635595
68374284
66123320
66920260
68700213
68508210
67033033
66063141
66845145
68744350
66821700
66080009
66110045
68374240
66820752
66650505
67130670
66077150
68552800
67015050
66635317
68501443
67035170
68181200
68552460
66026585
66840230
66083590
68508465
68505150
68459598
66083145
68554720
68455733
67133250
68746360
68459000
66075560
66073650
66625105
66820002
68742211
66640050
66833365
66032190
66821680
66026545
68745092
66633110
67035055
66117426
66095210
66065592
67030398
68557345
66063500
66610602
66060205
66825480
68005580
66816094
66650540
68551618
67033490
67020613
68551005
67143230
68745190
67120298
68743130
68512664
68551310
66833730
68501450
66025692
68030480
66077844
68180630
68043055
66825650
68045300
68375160
66811106
68554720
66821630
66810106
68020045
67146106
66055900
66080660
68376106
66825790
66073000
68744289
66833530
67105105
66920430
66026660
67120565
66816000
68458160
66095325
66820011
66060170
66810220
67020627
66650045
67013502
66645105
66030448
68701815
67033780
68628592
68745495
66813840
66635430
67145063
68630719
68375320
66825272
67040050
66030700
67015230
66813135
66816712
66635335
67140871
66115217
66630268
66821105
68040405
66026384
66820181
68744132
66912350
68740182
68376787
67125661
66010000
67146198
67146140
66816270
67105053
68740290
67120585
68027160
66815051
66913170
66083165
66845432
68743068
66093370
66115670
68740533
68507110
66610080
68035400
67103690
67105053
66090700
66670750
66620170
67133078
66075060
67015050
68027100
66113826
66623005
67010460
68557768
68700320
66821810
68035080
68551281
68552330
68627445
68556080
68509700
67015666
66825150
67032055
67146392
68025400
68503730
68047060
66025160
67010900
68506015
66053260
68020070
67133102
68556100
66113810
68742070
67035220
66920360
66843840
66833077
66073365
68552820
66831001
66918770
66033270
68552751
68625100
67033150
68020020
66825046
66026348
66026345
68555902
67103350
67124245
68511210
68374560
66821036
68455646
66811030
66075513
66030465
66026770
68552820
66640016
68371210
66650305
68740540
66123510
68551510
66077600
66645240
68552690
66117355
66650044
68743505
68506773
66087670
66623155
66073260
68181290
68375329
67125751
66640685
66060295
66810670
66050410
68181060
66623254
67105006
68557772
68550095
66813250
68626610
66033442
66093060
66640590
68700660
66083491
66825193
66032340
68035770
66813040
68020290
66923050
68630629
66050770
66025420
66821270
66030172
68701609
67140500
68630858
66040490
66623259
67118273
68020040
66095560
68746090
66830724
67033290
66053250
68046150
66845822
68555270
68550250
68507230
66690823
66833415
68746438
67113290
68503060
66815820
66070660
66073770
68626588
68701202
68025050
68742125
66020625
67015525
68015060
66650300
66919130
66840070
68456010
67040500
67040340
68741030
68701300
68502200
66823097
66811783
66030380
68627540
66020700
68743263
66823104
67113015
66810004
67125130
67145038
68375365
66077215
68626030
68555290
66822110
67015650
67120594
68371020
68502010
66633105
66821331
67120696
67113015
68371263
68371163
68510190
68513738
66095300
67105118
67125649
66123800
68554288
68015410
67030403
66033726
66920800
66019020
66640650
66113882
66026425
68372603
68627478
66645850
68373102
68501646
68377064
68501420
68557369
68458685
67013025
68181160
66623230
66825455
67145137
66115222
67146309
66050460
68627510
68459750
67100490
66623570
67140340
67143250
68373460
66833660
66830720
66823083
66652110
68513641
66617070
68047050
66842116
68744376
66093082
68376050
66822165
66650477
66816410
66640840
68743150
68553030
67124017
67130500
66840620
66623256
68557361
68371360
66645030
66060125
66842350
66032215
68742011
68746730
68513705
68507680
68557758
68553342
66640285
67105096
68701490
66123400
66080140
67013370
66117018
67145470
66645005
67145117
66640000
66120230
68552441
67145048
66032050
66075010
66615675
67125059
67035105
67120392
68743310
68455743
66633410
66090830
68744117
68627464
68741224
67010320
68742522
68181474
66610902
68630768
67130235
68512662
66065350
66083340
66030635
66690520
68506220
67013530
68741290
66645390
68742857
68040730
68500180
66812080
67013360
66075155
68740552
66070620
68745475
68503760
66075425
66643060
68744465
66123350
68746478
68459844
67146222
67120415
68627439
66821291
66919460
68513430
68702153
66110085
66822266
66033367
68456030
67033871
68459846
66613890
68554133
68626381
66620070
66920750
67033100
66073040
67125133
68455677
66095360
67120650
68552370
66630790
68455014
68743263
66635267
68625215
66840077
66063435
66815270
68740250
67143025
68554713
68742170
67125375
66623300
68627466
66815150
66033580
66910270
67105028
67145770
67140430
68630627
66635317
67120598
66030432
67120890
67130695
68022035
66032040
68513763
68743183
66110121
68505220
66617150
68630788
66065001
67033720
66811490
68500390
68627022
68455070
68456430
68507690
66070533
66821725
66026158
68625070
68742874
66026595
66822102
66645065
68377062
68701360
67010165
68513805
66615085
66822230
66821275
68020720
66846020
68627150
66643500
66825245
68043065
68741750
68555061
66617360
68040170
66026533
68741402
66825700
66117386
66820666
68740240
66840033
67130365
68459888
66079240
67120160
68459190
68501820
66032210
66615784
68501190
67020635
68700690
68456685
66822031
68554100
66822175
68512632
66032090
66077136
68508460
68005392
66645265
68457316
68459074
67125858
68741780
67030650
68372480
66814100
66843326
66080310
67020450
68377859
68513350
66814040
67030020
68040830
66820718
67033790
66113300
68372195
66833772
66079690
66920760
68504148
67125847
67030060
66040174
66063400
68744420
68458045
68513817
68700100
66063105
66623480
66075620
66670250
66060095
68020210
67030830
68554080
66083425
67146200
66079190
68740406
66825242
68552155
66625430
68015350
68513809
67125041
66093010
66645635
67120397
68030140
66080520
66026138
66610095
68626407
67120708
66816775
67120685
66643837
68010710
66613365
68551213
66615240
68746465
68700670
67120398
68625355
66923280
66060700
68025860
67040110
66814110
67120100
66822630
66820770
66815100
68744435
67110610
66060830
66650465
68035790
66635655
67015200
67010550
68741297
68555360
66823097
68551505
68740181
66113510
67130040
67105490
66825640
68455260
66075185
68458830
68458460
68630706
66630200
66921240
66630735
67010341
68746227
66823395
68555075
68372260
67140337
67143711
67033017
66635510
66117390
67105305
67124155
66060420
66633160
67013663
68015340
68627516
68376757
68743812
68554140
68552130
68556040
68741585
67146100
66123690
67110830
68005100
68015580
67033001
68553005
66623283
66812097
66020448
66085733
68371296
68740410
66030200
67020397
67140658
66816880
67133108
66623260
66650455
66623330
68740220
66820754
67033200
68456080
66030290
66110166
68743140
67030392
66123170
66087430
68455753
66025687
68513795
66117240
68181270
68746120
68741620
68025380
66032470
68550315
68742126
68741100
66075421
66820038
68551270
66113880
66825706
67133803
66110031
68746300
66083180
66690814
66026283
66065052
66060170
66625120
68512170
66073780
67124210
66032140
68030220
67035280
66065062
67013884
67105117
66085170
66030016
66070658
67125654
68746720
66080060
66085503
68741250
67140674
68627555
66025687
68702100
68557502
66650065
66635110
68509640
68741600
66080840
68743100
66823095
66070760
66812329
67146456
66814380
68455676
66030332
68555805
66815230
67145135
67118041
68502280
67010574
66085095
67030691
67118410
68373490
68020620
66085260
68741321
66916170
66610035
67130365
68744232
66813205
66065267
68740125
68509620
66630640
66617370
67125843
68460035
66077291
66630286
68458850
68557521
68556150
68557366
66110135
66820111
68745410
68455080
68375397
66123690
67035530
66060570
66825193
68628110
66026505
66840330
68375110
68628340
67110580
68040100
66820117
68022150
66030388
66120005
68030052
67133062
67125312
67143140
68181030
66823106
66645405
66110044
66087055
68377395
68552825
68455694
67013225
66093210
68628500
66090830
67033130
68512362
67020115
67140655
67130570
67033017
66113055
68741320
68459020
67146122
67146108
68557706
66613080
67146100
66035045
68500300
66070394
66919270
66070515
68015780
68455701
68005425
68459590
66820027
67130410
67105043
68503620
68506671
66640474
66845370
66060290
66843710
67146010
66113090
66077815
68038100
68180480
66670370
67105127
68742227
68373500
68030044
66077667
67125739
66623460
66623555
68042010
68555680
66630071
68455149
66635170
66640640
68741380
66630015
67030150
67120395
68742879
68551555
68552204
66026248
66065052
68035790
68554707
66820728
66633210
67145074
66079340
66670355
68010450
68625590
67013220
68700753
67133022
68626392
67113066
66075790
68744385
67145161
68017110
68700755
68627400
68503500
66113380
68377048
66918710
67146028
66630215
66065203
66840405
67120709
67125613
66617490
68630702
68010050
66030534
68509570
68628588
66812020
66815175
67140688
67020127
67035315
66113225
67013712
68046140
67133126
66821220
68456580
68017205
68375371
66073770
67140100
68628470
67120430
68555151
68017150
68741515
66093541
68743696
66026300
67125604
66073340
68742879
68557535
68182170
68005550
68554303
66110039
66110099
68742866
68746741
66070060
66845360
67010660
66815556
67146466
66825821
66812401
67010520
66916110
66843175
67124080
68627250
66811160
66823224
66025675
66055530
68627440
68743360
66110107
66093903
66085215
66640557
66670015
66810075
67146458
66085024
68508420
68554250
66825829
67110080
66623190
68020590
68703090
68743610
66911050
66816690
68181410
68552218
68456904
68703346
67130490
66065400
68553100
66045120
66623460
68373095
68455350
68744560
67030000
68459601
68746671
66833570
67145131
68742228
66810250
66063015
66077653
67100470
66085260
67113330
67146040
68030060
68513320
66821455
66123700
66025700
68703123
66620170
68040015
66833774
68015760
68371310
66820756
66063080
66820830
68513755
66821340
66033180
66615650
66843850
68745250
68010640
66846565
66833078
68501251
68700650
66075180
66846180
66055142
67113070
66822109
68035610
66025430
67140750
68455708
68740150
66045640
66812412
67145518
66820773
66079180
66811105
66060520
66811130
67143730
68744150
66820328
68455669
68626270
66055060
68745000
66065222
66075225
68507150
66065158
66110381
68743653
68740180
67110420
66090060
66825249
66026515
66110166
68501537
67020740
66030198
66025020
66079790
66912230
68513600
68377062
68458005
66815451
68020055
66623580
66910220
66813320
66840405
66123130
68376737
66093904
66120700
67120437
67033895
68743703
67145120
68504210
68552440
68035320
66640355
66115140
68374140
66842137
66045105
66820041
66077610
68509340
66843150
67103290
66813035
68502002
66026463
66913520
68554730
68376705
68375120
66026443
68040352
67033630
66623336
66821225
66026705
68022050
68552155
68555071
68557702
66075690
68513744
66083160
68554575
66822110
67125078
68511300
68513674
68510042
68553034
68742832
68455696
66060295
66117432
67145128
68010475
66033085
68372630
66918020
67145189
67020270
66080150
68552150
66073080
67145545
67140050
66810106
66820501
66025034
67013834
68630881
66610213
66820667
68372350
66077005
66075728
66821295
66645345
66070136
66833760
66815025
68550035
68700060
68372700
66032465
66825824
68626510
66030308
66060420
66846500
66010070
67130580
66650110
68554650
68060240
67143065
66040087
68180330
67145485
66916130
66113830
67105470
66846070
66026455
68746742
66025671
67105083
67145114
68035075
67105139
68627576
67110830
67105790
67113160
66830652
67040205
67013232
68375379
66813460
66033205
67033028
68702273
67030245
66640805
68557710
66811715
68460149
66085503
68628538
66079820
66811620
68500420
66625285
66070430
68743697
68040660
68459380
68557507
66820087
68372400
66032250
68626502
68376767
68458230
68555015
66083490
66918220
66026458
66823228
66040440
67118160
66914190
66911100
68625420
68372700
66921200
66115000
66811240
66613090
68015080
66815060
68506697
67146256
67146030
68455704
68502848
66026335
66077667
68042030
66812403
68630844
68628568
68626505
68557554
67133540
68743092
68020165
66030006
66630394
68500170
68745045
66650385
68740130
66615744
67100020
66030376
68035420
66842040
68554295
67110590
68500120
68040280
66117408
66060630
67030530
68555460
67113045
67010800
66640481
66093681
66615794
66110055
66117345
68035360
68043460
66077425
68630730
66040130
67035530
66913050
68455090
68456453
67103390
66115053
68372580
66633170
68700285
67030858
68630840
66650044
66023220
66030342
67125660
66063115
66060480
66113560
68555091
67124040
67140850
66831014
68372775
66812490
67143690
67120865
66825709
68043130
68025025
66650205
66070180
67105022
66814500
68455757
66625125
66063030
66620025
68181260
68373420
67105019
67120535
66630265
68551555
68550660
68550243
66814490
68628580
66643880
66820743
66030162
66065235
68015160
68458010
68626362
66070084
68041040
66033425
68045260
66825115
68501840
68557772
68700380
66083340
67125515
67143730
66825105
66077570
66813045
66625093
67103050
68377530
66810124
66833400
67010050
67030265
66635200
68455723
68509094
66822113
68742660
68626568
67145104
66080240
68047035
67035275
66816755
67133815
67113800
68630774
66087270
67146022
66821620
68742082
66610485
68377337
66050240
67033045
67125592
68376502
66652120
68041025
68181300
67113371
67032011
67130365
67125879
67030027
68552748
68045500
68504100
66843500
67040105
67020651
66065122
68455705
66652280
66833350
68625020
66030198
68456190
67120790
68743091
66810107
68504132
68745375
68557756
66833200
66810520
68513641
66623297
66830644
68005330
68375260
67120250
66063135
68551800
66815655
66833833
66820725
66077630
68456500
66030017
66033620
66640135
66026186
68455460
66117160
68627694
66080325
68702278
66625197
67105675
66630480
68741328
68742232
66085451
66640675
66625005
67100040
68506390
68550260
67146476
68043390
68501300
67140250
66070606
66812230
66063105
66820415
68458042
68557870
66833127
66643115
67125327
67040060
68507250
66640805
68506660
68377066
66020448
67133170
67125351
66030580
66812580
66120120
68377847
68501443
66811240
66033590
67125571
66070540
66816193
66825682
68455726
66073315
66085200
68371532
66115350
67140712
68507530
66090780
68020670
66019060
67103690
68459848
68501535
66842290
66810020
68700290
67030765
66821105
66821425
66060430
66077130
66625360
66635107
66030465
67013572
66030428
68501790
66085021
66615620
66030070
67030315
66075640
66030374
66650555
67113010
66917180
68030530
66820804
68742231
68701120
68456480
66821635
66095490
66645625
68557848
68374772
66077795
66123310
66913400
68746190
68507340
68181090
68374310
66833740
66650015
68030045
68552793
66640570
67125015
68627150
66070240
66615635
68551205
66080050
66030560
68630530
68181100
66120620
66032365
67125587
66025500
66017020
68513170
66820155
68744374
68627006
68504148
66085315
66821055
66623309
66026695
66825030
68512370
66640490
67120188
66110086
67103700
66635595
68500330
66120100
68046060
67140190
67145775
66026370
66070410
66842126
66065800
68512300
67120825
67115130
66811410
66030540
66650085
66110168
68555500
66823063
68512672
68372705
66035265
68456690
68557507
66843576
66842070
66919610
66617030
68180130
68555123
68458410
66645315
67125345
68551134
67120205
66821001
66123650
66033130
68456030
67146057
67015150
66843400
67125070
68701420
68459010
68743662
66026440
67125280
67146296
67130330
66030278
66633011
68371296
68626584
66615003
68550515
66073600
66040320
66613670
68627513
68017195
66053130
66093440
68550292
68742065
66070504
66610170
66032430
68371262
68371180
66831057
66093027
66640220
68508320
66095662
67133105
68628025
66816293
68460141
68040610
66822530
66840185
68046130
68459603
68377628
68744265
67118095
68552635
67030398
66825125
68375088
67105072
68005000
68555903
67118564
68042005
68375465
66093105
66093065
66095425
68375035
66026388
68045029
67115130
66025422
66921250
66050000
68745420
66650300
66833315
68506420
66030135
66093033
66643050
67133000
68627558
66846040
66015240
66845140
67033060
66070070
67015210
68630590
66075045
68551825
66815260
66645067
66825527
66053390
66825119
66026004
68742232
68557554
67130615
68513632
67013500
66816235
66810086
66033340
67120290
66087610
66918320
67125841
68035470
66123670
66918400
67033239
68743495
66030193
68456200
67146314
66812422
66087460
67143065
66643815
66846001
66821300
68377818
68700526
66640645
66833170
66617590
66093190
66911240
66690290
66113047
67113372
68625170
66815785
66813460
68552090
66810118
67105165
68459102
68376038
66821359
67105675
67120586
67133520
66110470
68507240
66613235
66645495
67015623
67124010
68742164
68035250
67125270
67100530
67113630
67020452
66615792
68744233
66030534
68506230
67015210
66918150
68626392
66026292
68376108
67105035
68372610
66075150
66617360
68005420
66814450
66815215
68743729
68741770
66075820
68459170
66812385
66650375
68626584
67140260
68555083
66842410
68743435
67145144
68744580
66079005
68509230
66846360
66625097
67013660
68552805
66087430
66026720
66070065
67013190
67033016
68550650
66635695
66623289
66820123
66811805
66113047
66918080
68550495
66025015
66811490
66080045
66833100
66030514
67033008
68626180
66811827
67146034
67145077
66643645
66033580
68507270
66910090
66035120
68025040
68376779
66630780
68181461
67145490
66077475
66625410
68552240
66117365
66925030
68555045
68557170
67145270
67120785
66920820
67120519
67145610
68180140
66843270
67145019
68743436
66025160
66933010
66916410
66110730
68555907
66087290
66073715
66113330
68551545
68459842
68550465
66630010
66123720
68456905
66025011
67120391
68551225
66690799
67103000
66918230
68512600
68502816
66033620
66035125
68511150
67010485
66070526
66080660
66813380
66045460
67120512
66077061
68502440
67105520
68377265
67030315
66650185
68700523
66093170
68701230
66026440
68551534
68630860
66620760
66822114
66015010
66925010
68556412
66923020
66020030
68626382
67125735
68550505
67146376
68455693
68701805
68740250
66913160
68005500
66820718
66117456
67145038
66075750
66077085
66814558
66113045
66073330
66816273
68550760
66810117
67115080
67040175
66085651
66842170
68180100
66625390
66033425
66033021
68742857
68551613
66060190
68510024
66643814
68040480
66093200
68377160
68371113
68030060
68742853
68500350
66630076
66033172
67145720
66821675
66045160
68456906
67146020
66640008
67133220
67010060
66670015
67125721
68744216
68506683
68628410
68502590
68630854
68456480
66822280
68458510
66026378
66650430
68017082
67033243
68511030
68372820
66033660
68375327
68700532
66080670
68376094
66919480
66120260
68460004
68035025
66823215
68512540
66623070
68180400
68552640
67133810
66110123
66815755
66812155
68742062
68701814
66026062
68503540
68552698
66690010
66811713
68371113
66610390
66023790
68374590
68625015
66916180
66113011
68455010
66015175
66918190
66811220
66652166
68744370
67146160
68455150
68626610
67120181
68015250
68700540
67120395
66810107
67130685
66060560
68501160
68702250
66820754
66630851
66840235
68371160
66821285
66840335
66825542
66814390
66033455
68551260
67124030
66070240
66032105
68020550
68017005
66077720
68377064
68552400
68181360
66090200
66077291
68506470
68455646
68374302
68015680
68553250
66032485
68455669
68456160
66060110
67105002
67133195
67030124
68740200
66820789
66073450
66110106
68628060
67105052
68742122
68030680
66625083
68550192
68371552
66055050
67133795
67113360
66633410
68742145
68503370
68455677
67133008
66623040
67145015
68504080
67013300
68627442
66060755
66846350
66077330
68555260
68503520
68701270
68502270
66040490
67145052
68506677
68376732
66095510
67103630
66917200
67146222
66820600
68741120
66821740
66083280
67145092
66919010
67145565
68042135
68552748
68017015
68020600
68459874
66815640
66113066
66821480
68630742
66830070
68508335
66831024
67118050
68551555
68506713
66085045
68376094
67125591
66053360
68375530
68374720
66825480
66085050
66820445
68745197
66811130
66110032
66816650
66821097
66625008
66812477
66911260
66073330
67105093
68180630
68371486
66816230
68373120
67120389
67133415
66831032
66845690
67125058
68375465
68743694
67146394
68625045
68551330
68374711
66630074
66033490
68744332
68630731
68550152
66070644
66025218
68628045
66110135
68374020
68555610
68554735
66117464
67125052
68504060
67010450
68627521
68456320
66033220
67020701
67140090
67125450
66115900
68010520
68743402
68015630
68745416
66913040
66831001
67125122
66816223
66020740
66912070
68746130
66650245
66050900
68700005
68625410
67124230
66843015
67125000
66032120
68626215
66821025
66033620
68045600
66030354
67033300
66640735
66060210
66643163
68181090
66615605
68742100
68502420
66840077
66825117
66120270
66635295
66077215
66030382
66077280
66650240
68458900
66035900
68557500
68043040
67100600
66110032
66643176
68501100
67115080
66813660
68554080
67145099
68042110
67130180
67030392
67013110
68035010
66110011
66811585
66813250
66670340
66650175
68375356
66615050
68702293
67120399
66050770
66025230
66613012
68745375
68628594
66113510
66090780
66017902
66075745
68508480
66825780
68180420
68744350
66846180
68555070
66811135
67133570
68557764
68627453
68746710
68551220
66820813
67020657
66033830
68459230
68455752
66821047
66085754
67020095
68551825
66640557
66918080
66070020
66920750
66690460
66060610
66073840
67020591
68555450
66821017
67120842
68504150
68456390
68625285
67013503
66117260
67033865
68513673
68035350
66085051
68376749
68043440
68627463
66833079
66025612
68460149
66812135
68741329
66045011
68510090
67040610
66821710
66063540
68746725
68010330
66933090
68512102
68042100
67118300
66615070
66825528
68043230
68038115
68703145
67140300
67125133
68627542
67030015
68512590
66814175
66919510
68555055
68627501
68459886
66630580
66820714
66015903
66615850
68459390
66110011
66815135
66070231
66635190
68742244
68700090
68455670
68627460
66077832
67146309
66825262
66640800
66820085
66060902
68746452
68041125
66919150
67143700
66625797
68456685
67125037
68630639
68628020
66026314
67015370
68005310
66915140
66023190
67120585
68743845
68506769
66643170
68700370
67113090
66073013
68010330
67143720
66915090
66023140
68508410
68746756
66085750
67015260
68456681
66026276
66093082
66050321
66625097
66070290
68372280
68458100
66816065
66915050
68743445
66833133
68182090
68035142
68377012
67125090
66077832
66833080
67118002
67146274
68372540
68555261
68180292
67113320
66820004
66065465
66640715
66090160
68376724
66030620
68506505
66083370
68455666
66625063
66833792
67103810
66821700
66610070
66640428
67120888
66115211
66060160
66080008
66815635
68703243
66816105
66643890
66090400
66079770
68513680
68506759
68701120
67015773
68455590
66911170
67105076
66026785
66840540
66920180
66820068
68553350
66810245
66830250
66083494
66670250
68627529
66065330
68375347
66815315
66620030
66110195
66822124
68552411
66822530
68742850
66845070
68627442
66080330
66090580
68742377
68513620
66625218
66032030
66833833
68005670
66087300
68377802
66635140
66065285
66820096
67125657
66625816
66825485
68372775
66080760
66075748
68554260
68043140
67030375
66060280
67130050
66919580
66026194
68377066
66055600
67125650
68456904
66814290
68371045
66093085
66810123
66063500
68557358
66923070
66613163
67120500
66030218
68555090
66053400
68552010
68375577
66065285
68372095
68551745
67120447
67020450
66025350
67124170
68459842
66820106
66814330
66070498
68501220
66650300
66625023
68512668
67125300
66077640
66085100
68740500
68043360
66075265
66690817
66065225
68020180
68020410
66650304
66690140
67145790
68374260
66050770
66645470
66815775
68458750
68703170
67105320
68704114
68376098
67145027
66613150
68501590
68740340
66823227
66117200
66811370
67133735
66843570
68551015
68010150
67120428
66085840
66617230
68628486
66093047
66815771
68010145
66080550
66050370
67120389
66822270
68376742
68550010
66030354
68040355
68505220
67146138
68700090
66030172
66815052
68626407
68020050
68553026
66075748
68552059
66033355
68043020
67033029
66077133
68025861
68628588
68745455
66113045
66623145
67033850
66026360
66650160
66630269
66811065
66830650
66025375
66040580
66831053
66690440
68506809
68626398
66816480
66093190
68372601
67113066
66613450
68459076
67120240
66110780
68035150
67146202
68035640
67105135
68627012
67143025
66065190
68375020
66026248
68509540
68555590
66825437
67120886
68458074
68375323
66911210
67133102
66625185
68030630
68742384
68372705
68022110
66065115
66812385
66075247
67030610
66846250
68458235
67130530
67110410
68374722
66812410
66060760
68060190
66820086
68701020
66065011
68744386
67146060
66640485
66070610
68506739
66623820
68745465
67105142
66633115
68740240
66842141
68455170
67105300
66095450
66670458
67145495
68042035
68504002
67140664
68552069
68180140
68458780
68557150
67125789
68744126
67105070
68505020
67146232
66623165
67145088
67145054
68374250
68377350
66033110
67120134
66026815
66613700
68746400
68456040
66033185
68745075
66690420
66920320
67013844
66625350
68458080
67020616
66040610
68015120
66073570
68376550
68630885
68743020
66814565
66032285
67035275
66920780
67146242
66822190
66645475
68552000
68742680
66065630
66083130
68742522
68555710
66063500
68552450
68502810
67033111
66026890
68555065
66030304
66640890
68374715
66643630
66025088
66645380
66813065
66825520
68557025
67015550
68556540
66610755
66625085
68501630
66814035
67130280
68554283
66045506
68377885
66825356
66020510
66026274
66015350
66026760
68020350
66613906
67146001
68506500
66050490
68456063
68553070
68455758
68744500
68030041
66033580
66075835
66615770
66645235
66814360
66815265
68005397
68458570
68703140
68555670
68376320
67030133
68045360
66822114
66820035
67033480
68377370
68374712
68513650
68377375
67110020
68505200
66026570
68512570
66617540
68005570
68742280
68377030
66843582
67110240
66030440
67105079
68511310
66643150
68550780
67030770
68030650
68374734
68626503
67015565
68508425
66045090
68456115
68627070
66035903
66923260
68455702
66030378
66117442
66821130
67105003
66645020
68746715
66846360
66640695
66820107
68626511
68500330
68552840
66846380
66633050
68508365
66650170
66640780
68552735
67146017
66030410
66095160
68551775
67125260
66813570
68746742
68458640
66823050
68702010
68700060
67033441
66652100
68005250
67145029
66919230
67143712
68375339
66640510
66090560
66045075
66615229
68010470
66820179
67030005
66025410
68744345
66615095
68557844
66030528
66690720
66811430
68742015
67033232
68555520
68555906
66613125
66115360
68743825
68010220
66050070
66623590
66623555
68025846
66073020
66813285
67120670
67146148
68455731
66812222
68702205
68551330
68005370
66810107
68020330
66610214
68557816
68630756
68501420
68551725
68501626
68506630
66830720
68626615
66633180
66090100
67125143
66843350
66613810
66913010
66670140
66113060
66040180
68456451
67118380
66814400
68557525
68745717
68746735
66015130
68628481
68456710
68455681
67030080
68550745
66823070
66825410
68556401
67145029
66087000
68506380
66053070
66813610
66110162
68020680
66917130
66640644
66910060
66840170
67100020
67040500
66610055
68026015
68740190
66085752
66063620
66640787
66075900
67120878
66821645
66030805
66815608
68020560
66650530
68457005
66113270
66113290
68513755
67143540
66025681
66080471
66123090
67145090
68555575
68181210
67105117
66640610
66815776
66635515
68456905
66840840
66610265
67124195
67145102
68626350
66030700
66063450
66077040
68020111
66085080
66615095
66816238
68625090
67010460
68630639
67033882
66816550
68550220
66110115
68459690
68703343
68743712
66087030
68455682
66843040
66810127
67033038
66820064
66026046
66825580
67118460
68501255
67140605
68040565
66025570
68035315
68376055
66640570
66073600
66825465
66811155
66640765
68374480
68557517
68745070
67140674
66023080
66075745
67125057
68742381
68506703
66812450
66690450
66825246
68181478
68512550
66075585
66077185
66917210
66670560
66620110
68456254
66916430
67146091
66030242
66816213
68500430
68458190
68745715
68703090
68181430
68371085
68045480
68553038
68513232
68456405
66615055
66073490
68377140
68557225
66030318
66026104
68511230
66026366
66075790
68743380
68741300
68746010
66019080
67010570
68746330
66033372
66623298
66815320
68506120
68742239
68027110
66045020
66633690
66110090
66030730
67113460
66060370
67030858
67100440
68742560
67033810
68512080
68745480
68015240
66816210
66113806
66123600
67032046
66040270
68040710
66615478
67015565
68042035
68746489
66625185
66811115
66811030
67124195
66083590
66811803
68554625
68550505
68741332
68513224
68022015
67133790
67133845
67110680
68373185
68505430
67125040
66030280
68740020
68700480
68628190
68457000
68628483
68460117
68503310
66820052
66623276
68460150
66095494
66843216
67146384
68455490
68455030
66087360
67145051
68626180
68701813
68374525
67130610
66825315
68374276
66040180
66023610
68701208
66040125
67125327
68510100
66033025
66079580
66080060
68509651
67130120
66620290
66026525
66816106
66825684
66095631
66820071
66831061
66063015
66070500
67105077
68742690
67033004
66073840
68627468
66063560
68504030
66060410
66085010
67146091
66830610
66833076
68742220
66026425
68626180
66075421
67040120
66820323
66635845
66635065
66623040
68456901
67145031
67125707
68704030
66825346
67133420
68513791
68511290
67013160
68372830
68628075
68509090
66087710
66690540
67125617
68628380
66690160
66620240
67120408
68042145
66845140
66023120
66670450
66087205
66070380
66630210
68628559
66650481
68700250
68700220
68502490
66070606
68701150
66690430
66117384
67120250
66670710
68628511
66075410
66615577
66825681
66023701
67100260
66811030
66918490
66650048
68033040
67033820
68182170
68511240
66816104
68010220
67118270
67035035
66085260
68550610
66070018
66822521
68506642
66026630
66633103
68500140
66025075
68374778
68745030
68744233
68556510
68551850
67146310
68744370
66812270
66822291
66620220
68020320
67146010
66025167
68555020
68377268
66033460
66813570
66079120
66615221
66065600
66085550
68555540
68502090
67140430
68554703
68556405
68502610
68458053
66080600
68507610
66110290
67118051
66080080
67145006
67020622
66023000
66652280
66810222
66645290
66030168
66025011
66075315
67120557
66815886
67145061
68510390
66845290
68372695
68551050
66840375
66030384
68513440
68703121
66811790
66073610
68550075
66075040
66063260
68551855
68373060
67130470
68035640
68376568
68455765
66643876
66085170
66635157
66916320
68512642
66613450
66095810
66825826
68020600
66825693
67146011
66075200
66816860
67140665
68010620
66810230
68045050
67145030
66030397
67146248
67143100
66812469
66115070
66911020
68455460
68458048
68553270
67013204
66845320
66026885
68743540
66050098
68501450
66117014
68746718
66815780
68035145
68746442
67133052
66916450
67013280
67103790
68020310
66115214
66831006
66030422
68377352
68554133
66823081
67030162
66643165
68513450
68740210
68742250
68501810
66077585
68627494
67145068
67105670
68373102
68557816
66640021
67125052
67040185
68740577
66650800
68746320
66110151
66820662
66020750
66060550
66919130
67013234
66914060
66820101
68741407
66814145
68509140
66920460
68742564
67125109
68457140
66045250
66690160
66117414
67103150
66015165
68455715
68744378
68500190
67113700
66093240
68625035
68005360
66625055
66825804
68374708
68553356
67130613
67125516
68626330
68455480
66030373
66820820
68744123
66823126
66830225
67105098
66019050
66843560
68043230
66630405
67125382
68460040
66842147
67145585
67120512
66815780
68033030
66030330
66085732
66070608
68744374
66623305
66825320
66690680
68035287
67124060
66815152
68375130
67033889
66625560
66914150
66630065
66822090
68742556
66923270
68741640
66816098
67125593
68513450
68372747
67133610
66055028
66843500
67113535
68045400
66690280
66123630
66821460
66830255
67013520
66630166
66045370
66083020
66020340
66635010
66615212
67125457
68627100
66822108
67140100
66645300
67124035
67030093
66110081
68045380
67030260
68627030
68015520
66822550
67145285
66810099
66077656
68626403
66643055
66110230
66110007
66640165
68035125
66840035
68455725
68377814
68626362
66065158
68742020
66923310
66633104
67125128
68746461
67120520
66087420
66821685
66055620
66080322
67015570
68627438
66830225
66120460
68742462
68553080
68554707
66640790
66910370
68557220
68017026
66045340
68374400
66910410
67118000
66115340
68010110
66110156
68010340
67010620
66055025
67125584
66060400
68700285
66635335
68557822
66670002
68025790
68509652
66026475
67105008
68455654
67125663
66825500
66625014
66831024
68555473
66840452
68005310
66615120
68460150
66025670
68040390
68550315
66831028
68025780
66095250
66810087
67033045
68045620
66635006
68627450
67030127
68020410
68025600
68745170
68745115
67146001
66060206
68509280
67143340
68627509
66610015
66630855
66030740
66625797
66055085
68015280
68557369
68025630
67100250
66645100
68551225
66816125
66085390
66913420
66640390
67125045
66033475
66055140
67143710
66087450
66820771
66833560
68744394
68374520
68459112
67105270
67105143
66625720
66825223
68458680
68626010
66035210
68512100
68626424
66045333
66026700
67143550
67013248
66033362
66812121
66117424
67033889
67033244
66816130
66077715
68512030
67124027
66033110
68030210
66645365
68040645
66630110
68181140
66026214
66053150
68513732
66615210
68458190
66831003
68745150
68552530
66813370
68746487
66833190
68744330
66033840
68503350
68460117
67120760
68375330
66610160
66650105
68626506
66816104
66923030
66825005
68180260
66117424
66110138
66840105
66640676
66640770
66643570
67105144
66640085
66840600
68551655
68630730
68741325
66087780
66113380
67145190
68456470
66070080
66065054
68022150
66823065
66075590
66640340
66095180
68627632
68376320
66070530
66822230
67033150
68557160
68742872
68745440
68550160
66035440
66643540
67125027
68702154
66635598
66060720
67120853
68045021
66020430
66820772
67133705
68040380
68030660
66846150
66830027
68376005
66831185
66055350
68030220
67010511
68047058
68626501
67105115
68627670
66615100
67040125
68743020
66814250
68455754
66080008
66075450
66919360
66633630
67125020
68060170
68372340
66635226
67030350
66070811
66117388
68741490
67013219
68040475
66625063
68042020
68372610
66613215
66815882
66830017
67105041
67125049
66630115
66815390
68703027
68508460
66811535
66075775
68020045
66635307
66843550
66633730
66921200
67030845
68043180
67020220
68627620
68551260
66825241
67125111
66820001
68502015
66077018
66033415
66093270
67010740
66816825
68017185
67145525
66842030
66640290
68005393
68513638
68501594
66023630
66073390
66620330
67133790
66825020
68627022
66085365
66843542
68553040
68456453
66845220
67145147
66113066
66120630
66810250
68455647
66030172
66650410
66025671
66814129
67105011
66010147
66912240
66079471
68627527
68457190
66812380
66820011
67033070
66822550
68040645
66825390
66026128
67140370
68557100
66045510
67030805
68550010
66670070
68557517
66115360
67133062
66063050
68746390
66070284
68628586
66045440
68700500
66026182
67040510
66643290
66840790
66630177
68556240
68460149
66633000
68625310
66820866
66079410
68626590
66075270
66075152
66026700
66813195
67140440
66610718
68456600
68625360
66075225
66090230
66625800
66643065
68455700
67020760
66820784
68744386
66045318
66110111
66811580
66055320
66615798
68043210
67030028
68746050
68020032
66030203
68501410
66814545
68376562
66065272
68743425
66823224
66080065
66814550
68626185
67032016
66075865
66613070
66060208
68554710
66690796
66033800
66820130
66033490
68017065
68455685
68047040
67033440
66032085
66050470
68555541
66820065
67030023
68628240
66830390
66820740
68010200
68459847
67120750
66630505
66020170
66820012
68457205
68458473
68743320
68371530
66913590
67120697
68557700
67030275
68630641
66070005
68551765
68501805
67145043
67015590
66077247
68553310
68377830
66077420
68746150
68060020
67125288
66846060
68701080
68557000
68743490
66833610
67130370
68746320
66825823
68373460
68455110
66640436
66070180
66033580
66812053
66816780
68745569
68552380
66030360
66670260
67030033
67120554
68553090
67105026
66623295
68374718
66811210
68700260
66640554
66920280
68010360
66093090
68458250
66820056
67143090
67145675
68630796
68060300
68501710
68552698
67105066
66623258
68377660
68741418
68626401
66093570
67032165
66070530
67146100
66065260
68745562
66020015
66640446
68557250
66087110
67125578
68701350
66833315
67146058
66080580
66823085
66918760
68552263
66050540
68005400
68552544
68374756
67133340
67118120
66840355
68502020
66921100
66026262
66032320
68746486
68020135
66923320
66821381
67140005
66113242
68375015
66846350
68510120
68460263
66821100
67140648
68181482
66613017
66623252
66093542
68045055
68015420
66825420
68377869
66077331
68508110
68703343
66095650
67140780
66083320
68502848
66053330
66833053
66635775
68742248
67105640
66650491
68510200
66026072
66120460
68374732
67033110
67143290
68505170
68500070
66032395
68555151
66650125
66625113
66840580
66916330
68506719
68627430
66820103
67146083
68506743
67133432
68702277
68459430
66113180
67125851
66095195
66110122
66123010
68700263
66640520
66115470
68742009
66690030
66650805
68552062
66820668
68628500
68553280
66610090
66843025
68701440
67140630
66645000
68703040
66085305
68625245
68511220
66810040
66810093
68505460
66080350
68457005
68630712
67100020
66110057
66055002
66026244
68556402
66040105
67120853
66030320
66110012
67040212
66825525
68744600
66033820
67120581
66812065
68550404
66117380
68501160
68557165
67013846
68459103
66080007
67015631
66073715
66812430
66917260
66120700
66035080
68501140
68040790
66630325
68046000
66815125
66840325
67013180
68374770
66033015
68020554
68005060
66083495
67013140
68035530
68503650
66923130
67146026
68746227
68701330
68557688
68456040
66615003
68554716
67013237
68745515
66820707
68455765
68375540
66026296
67013876
66813186
67103360
68744240
67013221
68374470
66026364
68741220
66615558
66030815
66815220
66633840
68628581
68025875
66840310
66820163
67040060
66065630
66613160
67124017
67032060
68502380
66920330
66670335
66615085
66030393
66017090
66077445
68010070
68501252
68511010
68550040
66918560
68507580
68745070
67130566
66065112
68746474
67113500
66615045
68015830
68746726
68743710
67010530
66650005
66053180
66843480
68455733
66030386
67040040
66830720
68625300
67143100
66075520
68627160
68455147
67030846
66625740
68742365
68010700
68376774
66811882
68372220
68503220
68459470
66055901
68030450
68745070
67130645
66921060
66814590
68035335
68555015
68513605
68630615
68557215
67140705
66613355
66820181
66080000
66095395
66820668
68746427
68513861
68010010
67030053
66811743
68743691
67145500
68513310
68022138
66690340
66813100
66911150
66816273
68458056
68060055
66087040
68460118
66625030
66070882
66842024
68626361
68741292
66822735
66635300
68557050
68746045
67140874
66070132
68010260
66063290
68005100
66645355
66055570
68627502
68554320
66090345
68700580
66026136
66623769
68555825
68555067
68030047
66825040
66913070
68455230
68552240
67103410
66070711
66810018
66918830
66117434
66843205
67125135
66825833
68550595
68554703
66650470
66845800
66840425
68744315
66617620
67145340
68513550
68502540
66110215
68005240
66030498
67013845
66613225
66830250
67124200
68372360
66820766
68742452
68459240
66831019
66822127
68550545
68701609
66615002
66120220
68181230
67140005
67145280
68555380
67143440
67013360
66615802
68372270
66026348
66117060
68020111
67133840
68372747
66833081
66820039
68017095
68626300
66690763
66017210
67105044
67020125
68376755
66045315
68628501
68628500
68458185
67013130
67013750
68510400
66026052
68510140
68627002
66923270
66123340
68033030
66820089
67010191
68626240
67125073
67125121
66063010
66643000
68507410
68460284
66811480
66033255
68743210
68502842
68017090
66623830
68017018
68374658
66025010
66816665
66093055
66045075
66033370
66842270
66635095
66812411
66918050
66811710
68182000
68017160
68375367
66635245
68503670
68628150
67010495
66026058
66815735
66812065
66077735
66025845
67143280
66610160
68505610
68742650
66645180
66913610
66020460
66026408
68005398
66033185
67032100
67105590
68371040
67125085
66842040
68512330
68513673
67146470
68746600
67120417
68180633
67143030
67015710
67125322
67030398
66820664
68510046
68372585
66811080
68557686
66630257
68040020
68551025
66831045
67040290
67030166
66820732
68181040
66060265
66690290
68035280
67030122
66050108
66843230
66615800
66823064
66093075
67120180
68555221
68746740
68627320
66615230
66070342
66843050
68552843
68460141
66025840
68455711
66813460
67146038
66085093
68702220
68455681
66015120
66032410
66812422
67013650
66690120
66117390
66625727
68557854
66110088
66640745
68509540
68551490
66087340
68746489
68513815
68025620
66635567
66821301
66643290
68181481
67145145
66095810
66625240
66025014
68506677
68503118
67146404
66026372
68375025
66120045
66093906
66840760
66085431
68038105
68741212
66825005
68502380
66815555
67140790
66822070
68550042
68060050
66110350
68745428
66095580
66911120
66087630
66610245
68507050
68373020
66077690
68372705
66075720
67110020
66025074
67125325
68043270
66812532
68552067
68554303
68457202
66635835
68376047
66640285
66070822
66095020
66640473
67115680
66613175
66821680
68506785
67140795
68373280
68626363
66030332
66831053
66635610
68628470
66825046
67145434
67140290
68503600
66075130
68557696
67015575
66117150
68030280
68512060
66822660
68555710
67133068
68035330
68020440
67040680
68456460
68553577
66815580
66093710
66613011
68552270
66026374
68746600
66846120
66815556
66035150
68010475
67010495
67143330
66814235
68373360
66815270
66073480
68557862
68374430
66070680
66065188
66843055
68745440
68557356
68508300
66921030
66015903
68557150
66845080
66640473
66923200
68042100
67146102
67020780
67146134
68630720
67146306
66045490
66917170
68627505
68020118
66065300
66120270
66050180
67013504
66916150
66814365
68740300
66690150
67120574
68015820
68373106
68740402
67133670
66833105
68743430
66075900
68627691
68040572
68744462
68628554
67033853
68030530
68744218
67010460
66670320
66090300
67120143
67120890
68745320
67100640
67145512
66630600
68741326
66093312
68043010
66060340
68556565
68455759
68745280
68025865
68504240
68501522
68455370
67120880
66920690
66919600
67125035
66843550
66823222
66617190
66625133
66820758
68506420
66623298
68744285
68627505
66825720
66025635
66842310
68020545
66077575
68015780
67125515
66635295
67146112
67033077
66020260
66113170
66825182
66811060
66831016
66640670
68460144
68746025
68701810
66610035
66033220
67105035
68555253
68456063
68742367
68557510
68040568
68180180
66115180
66920640
68552015
67120505
66623090
66640770
68740005
66050450
68509040
66833045
68035275
66825699
68038110
67146065
66640480
66825360
66077807
67143120
68025690
68502260
66645145
66815735
66845840
66812095
68501290
66833100
67145365
66065015
66822100
66825205
68513677
68459190
66065450
67010576
67105018
68630778
68027125
66813135
68501640
68628524
66846100
68625230
68376596
66077645
68377853
66820731
66840120
68508010
66822031
66083105
66645100
68457316
68557550
66115093
68372160
68555241
66813283
66635455
68030340
67120250
68551340
67125040
66640444
66032210
68372420
66845330
66077005
66110007
66026600
66045318
66610070
67125749
68020630
66055900
68020552
68456040
66060024
68746673
67035300
66822105
68742376
68501300
68035305
66113110
68627515
66033780
66065400
68502620
67013220
66083640
68552183
66030178
67015545
66113049
68743759
68035155
67145010
66065210
66065420
68550770
68459887
67033882
66821545
66033171
67040245
68455730
68703345
68458051
66093031
66825816
68740436
68458474
66821302
68550514
67120550
66070210
68377835
66623420
68701270
68628562
66633830
68704014
66810110
67125846
67013870
68372340
68040832
68506813
66815161
68017082
66652060
68372572
66846300
66073013
66645060
66825575
68554025
68508445
67030255
66821020
66825262
68701400
66811700
66075865
68742009
68745028
66110111
68508310
67145114
67120720
68456335
67140724
66613355
66650300
66025540
67125789
66640436
68555705
66650790
68455755
66813440
66030154
66065310
66123390
68374778
68015130
66110122
66070624
68742015
66633210
66823103
67120552
66065630
68377065
66073610
68503310
66090150
68626300
66842300
66820087
68551765
66035020
66630217
66117180
67013237
66026785
68741310
67146254
67120140
66045600
66045451
67035260
66115480
67105018
68374708
66821640
66026138
67030350
68456453
66030189
67140735
68556560
68742832
66812381
66065470
67113015
68740150
68746080
66030186
66075425
66120355
66842150
66911010
67125275
68703245
66070628
66026533
67105015
68015110
67146286
67113025
66812080
66913060
68015300
66093590
66613195
68744187
66918080
68005394
66625123
66020050
66117416
66095340
67140615
67105137
68555685
66615558
68502490
68015090
68025620
66842108
66010147
66831044
68456270
67120577
66821475
68060035
67133715
66833620
66610213
66026106
67030165
68557520
66843310
66026212
66033375
67146060
66115006
66918130
66825241
68460150
66810125
66032140
66063490
68742378
68017034
66026006
66040280
68010295
66815110
68040170
66093055
66065070
67140730
66814022
66026024
66065490
68510034
66640442
66077235
66093802
66030395
67133047
66023035
66615890
66026505
68045530
68040572
66831090
66065055
66815605
68743140
66070080
66813107
66035380
68459351
66053340
66613135
66830631
66035090
68746720
68555203
66825682
68506811
68555825
67013270
68628528
68455146
66813235
66025455
66625103
68509560
68557778
66820190
66083049
68373108
68555005
67143058
68552217
66020160
67130730
68005440
68741212
66920630
68743758
66625610
67120498
66813300
68627442
66035180
66025058
66030324
66020280
67035200
66023700
68742854
68628360
66816112
67130645
66921110
67033037
67113377
68456630
68550027
68375339
68017190
67125025
67124150
67125590
68181430
66055215
66816000
66830317
67105103
68553370
68743753
66640535
68376775
66090150
66814075
66918340
68742887
68015480
66073310
68377879
68374160
66825692
68458300
68746467
68740564
66065061
67125296
66073570
66821030
67118053
68035290
67125351
66610130
67125115
68374340
66820145
68555110
66643670
66065061
66110104
68552660
66030284
66625600
67143440
66821530
66026260
67110440
68557235
68375376
66640555
66077495
68743406
66617480
66630630
68377867
66110015
68744537
67124220
68555670
66025000
66625115
66820806
66090720
68742431
67125451
68501645
66821700
67145745
66920760
66615005
66825520
68701090
66033020
68506530
68375330
66815150
67033023
66911280
66645195
68501520
68180310
68502824
66065105
66093029
66811025
66690200
66820787
67125064
68020118
66073245
66919010
66110164
68630741
67020648
68020558
68626505
67130566
68741327
66822115
66087090
66090560
68553325
68377280
68180280
68374727
67013882
67120468
68628480
67015590
66080008
66812310
66613335
68627500
66670380
66821660
66085160
68458170
66020447
68042135
66643162
68555173
67020626
68554335
67020630
66617440
67040360
67033840
66063075
68555050
66916310
66912260
66045560
68742225
66640050
68458880
66918800
66640570
68377190
68556270
68702013
66030090
66833330
66640175
68742730
68630770
66822370
68502846
68372180
68456420
68513040
68745095
66030392
66075015
68741580
66920160
68372785
68703025
66630178
68745227
66095412
67124010
66813860
66813250
68045320
68508180
66079790
66820831
68512210
68557505
66815882
66026845
68372440
68181486
68743758
68550017
66615050
66120270
66040350
67113035
66110082
66053901
68456673
66630135
68513440
66093605
68005535
66840073
66843160
68377348
68746384
68506673
67125127
66815295
67146009
68550458
66825305
67110292
66032045
66810107
66026538
67013300
68701805
68025400
66820755
68017036
66060360
67033034
66670320
68513480
66913370
68460053
67120144
67125487
66083495
68377346
68376020
68455700
67125015
68703242
67133051
67110260
68372240
68703340
66670700
68015830
68509290
66690440
68376060
67120688
68458046
66810685
66613235
66613450
67145522
68017130
67145600
66610250
68372770
68512260
68513260
66919300
66030384
66630077
66085135
67133265
66821003
66811713
66080840
66820809
66822108
66077815
66070645
66630660
68552748
68700410
68047045
68456452
68555241
66032015
68553505
68554410
67015370
68015810
66070652
66842290
66083661
68700050
68742855
66030705
67013504
66060554
68505140
68509390
67040650
66033035
66690820
68626380
66635110
66079680
68552080
66843200
66110006
67035255
66615175
66825841
68703012
67125102
66025130
66633870
66090820
67133075
66821500
66617600
67140830
66083512
68507441
67035145
66625813
68371010
68455695
67105096
66842011
68743758
68555173
66635003
66840355
68504026
68746474
66085451
66625035
68554706
67125437
66087820
67120382
66670013
67125721
67105077
66070670
66810685
68455687
66065219
66110127
68513679
66090350
68375035
66032405
66820761
68550545
67143700
67113372
67125570
67124025
68742300
68501594
66830050
66093340
67146370
66643085
66816303
67125571
66110088
68501526
66113812
66115053
68626402
68456684
66625530
66810570
68371043
66814155
66083661
68743000
68506180
68743806
66630390
68041135
67125709
68555051
66630650
68374712
68507630
66810297
66110089
68015070
66032160
68745541
68501680
68627412
68742330
68742830
67105014
68554250
66825687
66821310
66820177
68630706
68455750
68371518
68741360
66110045
66113050
66117030
67030620
68460245
67030060
68503118
68455672
66923290
66645270
68552051
66033415
67146158
68376568
66026035
68743560
68551665
68744250
68509370
68556020
66623316
66123150
66670000
66840405
66820820
66613035
66633730
68556412
68626415
66615615
67120605
68550492
68501646
68551800
66840065
68377877
66110078
66690650
68459112
68746720
67105121
68015460
66650250
66816026
68552230
66045240
66095220
67133840
68502846
68374130
66120390
68181473
68042048
66110021
68506000
66620030
66845310
68555140
66615025
68744464
68630704
67146466
66825155
66020710
67140720
67145277
66080190
66110088
66816540
66823060
68456010
67105075
68512080
68744316
66120420
66640690
68506809
66910120
66635035
68373510
67120770
68552617
66820034
66079035
68455701
66843680
66060105
68742011
67100480
68742320
68455726
66810460
66652100
68375382
66053902
68458860
68746752
66620320
66045045
68045033
67140845
68017145
66025015
66050220
67146370
68743700
66845020
68628250
68511260
68554060
66821390
66923200
67120208
67120135
66810050
66110750
66032000
68374275
67145149
68741225
67145455
68010145
66830260
68742235
66070270
68180150
67032001
67013590
68743300
68745070
67035175
66821691
68511515
67146176
68010000
67013227
66625484
68627160
68020013
67120375
66026116
66033395
66652280
68045540
66040250
67115720
66075111
66093650
68742180
68506683
66820326
66026245
67120416
67032135
68010590
66816860
67124140
66825676
66030266
67105133
66842330
66055260
66615460
68552263
68017023
66025146
66820423
66615105
68373116
68742241
66026120
66918090
68502840
68455250
68372780
68703232
67030220
66635217
67133645
68700753
68746415
67124025
66825175
66820700
66085455
66825673
67033000
67110220
66115550
66633670
68740290
66083156
66846520
66650008
66814136
68700220
68035050
66090740
68015330
66820151
68742860
66840370
66645470
66035230
68455710
66073013
66918580
66635155
68030790
68377804
67125382
68550670
67010340
68511360
68503610
66913510
67130780
67120010
68743300
68020095
66650705
67146452
66625530
67015710
68740060
66820125
66813666
66825054
66073450
68557325
68457201
66610130
66060245
66117404
66813210
66083772
67145735
68005040
68500120
66065280
68625420
68501210
66825539
68035745
66915010
68700527
66645240
68455390
66635205
66055660
67124015
68376055
68459853
68509320
66065330
66050096
67140550
66822210
66613075
66635030
66816267
66640375
66821334
68507560
66045045
67120868
68501440
66813730
66615120
66625350
66032005
67125104
66846270
68744111
66083514
66840770
68703210
66830076
66640295
68552835
68501600
67120673
68060200
66823122
67130685
68741393
68374656
68030530
68555038
68552047
66821368
66085840
68035570
68043025
66093041
66820762
68626558
67100110
68375360
68555047
68742470
68015020
68702370
66083510
68550063
67140600
66110290
66811104
67033046
68740267
66025420
68701208
67030135
68372020
66833650
66113013
66652140
66690690
66045500
66825300
66055040
67120170
68020110
66070888
68060045
68035146
68701814
66812385
68743708
67130645
67040770
66093095
68626180
66810045
68040425
67143220
68513300
68557525
66020035
68035710
68373106
67146023
68371263
66053330
67113230
66833120
66010070
66650042
68182200
66070354
66833470
68181160
66650375
67130230
66919140
66085317
66831040
66070540
67143490
66813138
68746015
66080552
66063020
68500410
66050160
66093903
68507680
68630772
66055900
66026276
68502180
68458540
66083660
66640175
67145146
66810375
68742893
66917070
68040015
68503640
66026300
68455210
66030500
67113270
66815275
66075120
66625065
68513224
68376555
67013874
68377354
68375392
68458077
67030295
68513130
66110107
68556460
68025300
66650045
68550062
67105110
66820722
66077405
66833380
66115242
66923150
66025377
67013541
68374292
68743600
68030420
66026825
68456720
66813480
66640775
68460119
68740270
68025630
66065053
67035130
67125861
68458875
68556403
68701010
66080210
68460033
68510230
67103090
66110167
66123210
66010130
68030031
68376744
68005130
66843600
68702155
67130820
66645220
68047010
66033415
67125062
67146063
68510320
68555904
66630640
68556170
66640060
66820768
66079120
66617230
66630246
66846080
66063022
66087200
66085405
68508290
66030187
67118052
68552052
66032090
66820785
66811240
68511516
66810106
68513010
66840620
66812283
68458860
68744301
68551580
66073215
68630645
68513726
66115224
66026780
68745520
68513330
68511410
66030010
67030795
66615545
66110136
66623157
66625710
66123690
66625540
66035125
67133795
66060207
68045100
67033233
66816406
67013574
68626610
66026700
68181240
66065450
66635485
66650005
66822430
66083046
66615748
68502470
68551705
68746420
68510300
66825280
66830510
66635400
66075103
67040620
66026505
66821210
68457110
66085051
68459603
68371420
68626502
68555400
66113220
68626507
67125025
66914140
67120888
68700211
66030466
66812097
67030165
66080009
66087665
66615055
68458047
66810074
66025445
68626508
67145730
66620810
66026314
68554130
66075555
68508030
66020220
68745016
67033053
66822460
67143720
66610718
66110027
66842290
66615170
67140000
66650395
68506020
66087195
67145064
66073700
66915220
66025830
66643060
68702320
68035335
67146144
66814210
66822165
66025045
66816215
66643820
68455170
66035125
68554735
68455662
68746730
68509070
68022150
68458071
66650315
66645410
66830044
68627540
67013832
67146079
68625470
67013883
66087000
67100370
66831150
68551560
68506400
66830311
68455750
66913570
68501680
66816200
67010060
67125879
68020745
66025671
68745125
66110015
66811835
66812310
68551533
66087130
66814460
66075640
66630225
66026336
66630264
66050104
68743806
66843110
66077280
66913070
66120350
66630505
67013892
66670810
66087423
66825265
66812451
66816470
68627464
66050098
66083365
66113070
66055650
66115214
66810116
68374716
68552390
67033889
68181070
66090580
66814450
67113220
66032400
68742218
66613902
68025872
66615477
66120901
67105675
68504060
67040140
66079791
67040840
67125360
68043370
66833405
66033842
68506725
66820305
67143110
67146096
68005330
66625205
66916260
67146466
66033175
68500270
67118080
67030035
66812541
66640045
68459886
66615340
68377435
66610245
66914090
67030050
68505290
66123470
68741195
67146009
68460144
66816221
67130530
68046040
68627622
66820225
66840500
66821485
68741494
68005394
68627503
68455708
68742126
68027160
68555075
67113290
66640014
66065210
66017080
68505330
67115270
66833067
66840170
66083055
68458223
68020045
66917170
66825537
68374520
66093690
68180620
66840060
68505240
66810282
66110179
67105092
68743480
66620250
68374768
68550452
68508335
66650445
66811035
66635300
67125757
66117422
66815360
66017110
66026560
66842410
67125705
66821415
68181120
68550755
67146096
66026152
66821450
68552420
66625060
67125395
66110039
68702154
67110720
67146042
66635590
68550285
66033258
66085210
66842280
66920100
67145120
66063166
68554715
67120650
67130562
66113550
68744127
68625610
68042020
68557105
66085309
66055360
68557115
66630030
66095400
66073165
68030130
66816530
67120340
67035200
68182301
68022118
68045500
68630838
66033230
66842333
68035190
67110285
66030368
67145138
68513860
66820230
66032430
66811360
66123310
66919400
68557130
68375550
68374774
66810057
67125773
68626421
68741620
66643876
67140708
68505250
66811610
68506741
66650705
66120730
67105014
66026118
66830400
66065018
68511420
66840415
66060740
66115065
68701030
68376325
68456330
68511030
68627463
66635795
66080140
68040355
67120529
66635047
66610718
68010060
66816112
67125697
68513785
66085095
66810295
67040560
68551530
68630742
68372871
68551040
66913030
68375040
68040565
68017020
66025050
66645145
66821045
68553200
68020880
66025300
68553090
66670830
66613105
66813460
68377845
66025300
66053250
68455175
66820206
66825317
66070390
66645010
67140640
66026455
66822510
66812055
68040832
66063030
66077625
66831070
67040290
67103520
68627431
68553315
66030322
66635300
66690580
66810050
66825261
68741730
66820402
66635715
67125170
68020095
67120134
66030332
68501810
67113373
66079250
68456359
67105046
66825483
68458047
66830460
68377405
68742560
68500310
68551700
68181310
66045451
67013541
66033355
67120426
67035205
66920710
68746013
67100520
66820179
68554706
66615050
66032170
68060025
68745014
66643750
68628020
66635190
66060670
68455146
66821647
67125596
66815625
66816253
66625045
68460031
66635287
67032100
68628050
66814395
68180040
68553294
66615610
68512111
66090180
68553347
66617490
66113016
68507441
66617250
67140711
68040780
66640420
66914040
66025136
66032420
66045330
68501539
67125340
68551281
66815618
66030050
68371160
66620310
68025560
68458780
66640637
68554497
66065210
66110260
66830640
66640648
67105220
67146021
66821691
68742888
68376050
68020210
67013834
66821665
67133370
66030410
68745485
68015290
67146290
68377870
68460218
68552600
67113345
67146192
68040435
68459520
66030387
66093903
67015545
68502400
68550303
66913270
66816900
66845020
68030040
66816205
66093650
68628503
68373430
67120407
67115114
68552028
68035050
67105061
68553055
66640530
66916340
68455030
67120865
68030650
68557516
66120130
66095055
68551840
66060650
67013226
66813185
68371070
68550467
66825247
66026344
67130237
68550160
67125085
68375385
68512102
66033842
66117330
66821485
67130150
68035375
68740260
66620440
68017032
66065670
66093081
66093530
67120598
66077650
67033890
66645085
68557075
66645125
68557506
68627022
67013371
66110460
66815231
66087590
68506737
67013830
67125101
66033337
68508300
67105150
66843265
67140715
68040700
66025142
66643710
66613909
68181460
66846520
67145498
66811230
66820171
68555610
66843800
68742180
67013530
66026256
68025060
66812010
66045506
67015310
68376787
68507110
66065065
66077555
66070520
67103593
68627454
67143010
68555253
66023730
66083350
66825346
66643010
68460007
66923340
66830069
66025410
66113235
66110460
66690100
68020470
66080025
66615788
66919290
68557356
68625540
66065160
66821050
66075345
68043200
66813096
66633102
66822107
67105540
68741300
68015110
68744121
67125560
66822122
66920440
68742050
68375160
66840410
68746460
68742100
68455652
68372068
66690080
66113860
66820173
66821440
66613295
68459250
66070510
68627476
68557501
66811880
68503210
66623550
66923050
68743370
66643750
66117320
68455717
68507140
66055680
68457005
68742388
66117022
67143010
68376740
68459800
66123050
66643025
66110464
66652020
66640440
67015490
66110013
68552730
67146078
66080400
66065255
66113849
66823227
68505520
66023050
67133078
66825872
68550455
66823222
66920020
67120458
68020540
68376094
66822172
68502250
68020670
67103800
68372598
68025165
68459819
66113068
66821435
66110126
67130580
66123260
68040020
66811460
67133710
68456020
66625199
66123850
68740530
68010110
68550020
68740140
68371365
66045225
67125332
68375354
66831038
68501252
66813045
67125108
68377062
66920730
67030450
66033050
66833801
68626424
66613215
66833077
68503190
66623090
68020100
68552188
66015040
67120136
68552630
68550285
67143060
67145003
66625811
68374240
68557700
66083400
68010690
66055080
68512070
68628500
66087260
66123485
66640006
68459072
66050590
66911060
66070190
66033425
66810080
67020770
66843035
66923110
66846040
66822045
66833005
66070290
66065615
66933040
67125603
66640870
66613905
66821780
66920510
66820004
66813410
67033710
68557506
68040540
66123140
68030250
66645245
67140712
68630887
66640030
66643730
66820058
68506180
68550192
68552270
68377610
66025678
68502030
67120606
66630840
66033210
67145016
66070310
66840120
66846060
66640670
66035901
67030133
66083550
66833080
68744445
68503420
68509060
66820060
67103180
66813187
68377355
67124027
66090040
66079720
68552313
66920720
66032460
66073025
66093450
66093906
66026366
68377375
66840015
68553470
67140662
66821215
68554730
66023490
66077715
68040832
68742895
66821350
68505380
68005080
67190000
66625797
67130437
66090360
68554140
66833710
66613135
67125620
67125468
67146156
68015310
68030120
66090270
68035690
66623450
67133023
67118046
67125014
68550307
66615040
66123485
66833690
66640040
66026062
68745197
68020390
66915030
66843745
67125703
66919490
66640520
67145470
68459440
68627670
66812463
67133047
66063900
68627125
67030128
66615772
68509050
66815655
68005535
68700235
68555030
68551758
67105430
68377808
68506670
67033480
66920100
66810660
66812193
66123600
67033380
68508475
67140845
66820772
68060070
66077350
68460285
66820663
67146091
68555243
66110054
66077515
68553310
66633431
66825020
66813545
68742125
67125810
66613012
66845130
66830313
66690300
68627115
67013502
66640120
68628215
66115223
68502060
66115430
68552130
66623255
67103370
66035090
68377853
68554025
66033235
68555110
66814380
68010010
68630508
66640411
68625305
66812549
68557522
66073349
67013090
68501644
67120429
68371230
68374525
67040090
67110700
66825047
68033030
68742330
68630746
68746723
68700210
67100370
68741323
66820045
68701204
66825683
66060580
66615214
67145107
66690420
66085455
67133610
68460110
67125570
68740110
66630081
68628489
68512600
68552245
66821195
66083443
68552751
66815149
68742886
66615530
66110410
68506779
66110072
68502830
68045041
66120040
67125487
68371546
66030080
66083498
68456580
66077061
68513821
68702013
68743825
67015380
68455716
66820660
66825080
67133062
66812350
66613170
67125654
68377092
66843245
66650590
68180570
67120503
66045550
66917120
68502806
67020683
66820145
68625220
66820425
68550250
66045400
66095130
66025611
66830658
66085700
66825015
68743722
66110147
66060460
66810230
66095903
67140874
68743066
66033680
67146308
68551300
66635685
67146202
68377000
68020565
68502570
66630239
67035090
66033760
67120085
66690220
67146204
66822080
67125095
68455680
66812412
66080085
66814365
66643814
66625810
67105051
67103260
66080370
66816740
68512600
66063160
66840285
67013880
68509180
67125382
68017004
67120596
68555107
68627432
67145535
66073220
66620220
67030785
68456230
66840050
66615235
67035490
68030810
67020610
68458290
68030670
66063010
66085430
66083160
68375370
68047090
66026538
66065730
67125847
66816457
66812057
68375347
66080009
66630300
68459180
68627672
68015680
68180292
67143810
67015400
66830370
68455645
68550723
68628589
68702152
68506699
68501050
66821043
66820182
68041045
68512082
68377885
66812506
66640634
66670456
66026074
66075025
68510350
67125876
67103230
66812542
68376041
67140674
68455370
68020780
66025377
67013580
68035430
66846520
66823595
67113530
66814040
67120866
68181080
67143120
66030730
68746580
68703249
67020632
66625218
67120707
66095780
66821730
68745072
66843518
66032360
66822731
66840550
68746739
68740172
68030034
68628487
68060005
68701500
68630879
68459440
68456680
67013224
68040060
68551020
68501264
66640075
68025450
66816265
66645105
66026266
66613130
66919250
68374600
66040087
66070702
68630738
68743701
68513724
66070140
66843300
66030166
66065395
68045520
67146236
68507442
68741270
68702060
68700080
67146054
67120608
66630735
66025669
68550253
67120388
66811813
66633030
67030280
67130110
66630284
68551840
66023700
66813540
68701510
67030846
68551505
66033155
68046150
66813305
66916450
66635525
68741670
68377180
67105400
68746890
66916490
67143810
67125371
68377061
68005590
66630505
68555040
66025677
67015080
66820171
68742570
66025366
66670800
66033200
67033877
67125012
66093460
68030030
68703344
68005305
66073045
67040340
66913460
68746012
68627691
67120688
68040360
66123300
67124140
67120451
66040150
66026204
66913020
66073477
66915060
66635040
66063250
67020340
68456335
67125043
67100070
66075760
66833005
66814140
66830322
66026025
68460174
66813390
66916410
66083400
66075243
68557170
68557864
68551768
67033248
66020150
66690350
66075631
68015160
68035740
68030770
68551567
68460284
68704012
66087840
66825246
68743350
66923260
68555083
66842118
66840570
66811476
66816260
68744326
68628095
66650417
68005470
68509180
66650095
68627462
66095630
68042130
66026110
68460201
68506430
66117090
68459385
66650489
67105001
68513210
66690440
66814195
66815250
68552490
68455290
66017900
66615290
66080690
66813210
67118245
68553140
68625015
66083440
66065122
66015175
67124145
66123390
66810230
68745120
68371220
66615752
66013090
67105113
66115560
67120690
66110134
67033680
66065100
66811620
67145052
67115100
66020360
68703020
68501280
66065051
67030620
66816400
68372877
68746422
68030680
66623256
68458074
66113620
68628470
66919090
68745755
68555815
66623690
66625265
68371200
66033145
66825816
68552051
68372810
67040000
66650491
68702240
68375150
68372535
66617350
67033840
66079010
66650507
66812481
66026178
66830725
66913640
67146454
66923130
66650008
66033108
66833771
68556190
68457202
66070412
66840125
66843110
66650050
67040470
66093240
67146440
68455175
66813500
66053905
66623766
66115900
68377320
67125438
68741635
68743320
68513224
66645555
68060170
66625090
68509651
68456674
66650520
68005095
66090040
66020210
66840437
67133072
66670375
66825043
66640342
68555541
68701050
67020175
68506480
68553450
66023090
68182200
68745030
66075740
68040630
68017022
66831190
66055020
67125086
68376035
68552062
66630391
68700150
68459843
66640426
66087000
67145117
66920400
68005240
66615205
66625005
67133485
68508360
66811605
67133540
68745190
67133065
68372853
66815550
67125581
67133240
66025075
68744450
68458180
68372745
66030740
67035160
68457120
66815142
66077175
66640677
68630879
66055370
68627514
66815233
66079770
66916210
66825483
68506679
68513540
68628557
66812193
68553254
66830324
67118020
66070575
67146222
68551705
66831017
68627135
66093075
66825248
66017000
68060170
66026460
66821330
67105147
66811680
67105020
66026720
67146325
68513783
66635325
68701230
66026242
66825869
68035275
68042110
67140825
68455540
68700680
66070074
66123250
66690760
66825505
67113023
66020700
66053906
68015018
66816350
68459405
66090160
66846370
68513845
66023420