997
386
83
952
961
2
8
986
802
554
223
357
304
934
846
835
523
967
434
701
196
207
582
41
746
948
875
459
375
180
19
401
480
933
214
150
983
695
352
992
282
499
136
563
91
86
672
2
923
747
49
559
348
904
698
55
654
919
170
317
601
888
574
893
513
956
456
325
602
878
755
578
454
533
319
31
678
664
462
424
815
587
546
669
75
21
743
326
840
37
519
478
145
595
68
50
79
924
776
66
257
440
40
961
328
518
332
562
930
158
717
110
309
630
54
988
264
593
545
302
338
914
402
305
512
321
568
443
414
663
361
337
621
185
72
680
999
468
702
623
866
765
63
296
360
518
438
577
412
24
220
947
905
136
913
685
662
790
948
187
167
828
16
67
1
600
96
954
391
262
983
100
836
778
393
692
259
884
23
336
749
591
532
228
963
454
668
199
125
413
415
779
82
8
449
294
256
948
139
48
388
897
979
580
85
612
905
809
63
372
261
368
773
675
257
416
681
101
990
98
785
893
245
231
153
228
411
703
961
900
352
502
343
133
213
519
135
955
733
724
482
151
116
282
256
124
750
618
46
195
331
141
681
652
878
99
951
533
883
493
263
761
423
748
714
113
873
835
942
203
3
728
538
264
481
965
477
937
717
861
555
30
760
909
943
25
492
35
866
145
911
445
406
644
998
25
145
130
386
404
503
434
250
857
632
822
559
428
781
727
767
546
32
899
508
437
287
275
659
726
561
496
168
907
528
115
281
390
807
226
430
374
865
397
678
407
846
977
798
677
461
365
984
163
974
964
381
265
613
340
590
245
587
198
271
750
627
98
947
926
669
181
784
530
82
655
551
126
42
321
213
969
974
791
191
797
93
767
712
797
322
984
781
893
22
651
970
296
982
976
781
759
436
85
651
601
289
963
717
281
589
375
510
749
650
644
178
728
820
857
534
53
238
180
388
22
875
866
341
276
155
830
178
853
712
696
799
845
690
530
742
924
799
644
36
286
360
496
387
74
525
279
876
602
442
217
631
232
371
489
679
662
412
990
798
894
763
258
414
533
951
12
973
425
368
984
224
629
363
906
745
705
241
680
568
113
150
931
385
5
753
440
116
330
737
758
279
752
144
398
380
983
246
646
449
123
78
139
875
104
672
947
829
803
914
295
307
335
176
206
621
955
185
681
779
244
947
959
546
622
160
859
676
814
493
64
890
857
65
120
577
553
800
209
328
255
582
674
559
154
565
977
967
152
663
111
627
713
601
156
980
16
488
757
687
957
78
955
900
182
135
280
985
467
490
135
226
416
428
413
204
717
754
385
52
420
881
741
367
183
360
913
59
48
563
702
291
247
17
888
112
77
471
928
905
619
261
120
855
113
582
984
188
37
448
621
757
30
21
173
551
907
277
149
979
698
67
14
849
821
938
383
122
461
386
209
448
695
765
868
392
947
684
655
885
719
923
545
218
579
913
656
423
113
347
120
941
685
683
954
140
921
920
393
687
498
827
119
921
450
980
26
518
545
211
108
224
104
22
596
231
946
543
920
448
749
330
765
110
886
963
650
728
870
97
679
230
526
217
21
364
68
63
522
715
717
776
318
448
180
104
394
767
875
401
130
947
217
3
115
553
772
861
20
135
23
306
565
551
184
240
204
571
100
348
755
586
496
725
382
140
812
447
708
808
829
41
697
598
381
92
285
237
37
766
648
945
895
888
462
229
838
783
478
539
221
368
717
387
859
709
449
787
785
225
556
247
473
841
192
460
437
142
410
896
694
772
747
231
539
86
281
599
995
345
151
871
281
437
207
176
408
260
743
731
422
966
481
813
427
690
385
818
709
523
25
237
151
352
48
221
179
622
567
47
551
602
19
62
742
108
100
505
171
458
63
356
300
812
333
175
726
375
446
704
167
27
68
553
377
765
99
67
154
374
525
166
22
506
186
455
352
391
931
325
629
953
713
636
900
373
370
152
294
786
969
410
381
385
813
198
55
767
146
975
349
527
777
644
249
434
515
593
358
862
421
750
214
243
519
180
169
912
237
917
855
309
616
242
920
289
342
202
786
592
157
214
887
232
641
846
855
136
338
678
592
1000
129
388
472
406
54
209
455
115
362
671
864
161
638
852
459
328
986
569
145
292
352
288
562
514
559
20
885
99
660
308
598
361
975
637
758
339
427
408
697
504
55
516
381
445
623
27
362
785
708
115
697
110
506
402
232
742
290
389
897
759
335
529
74
865
629
6
713
636
276
78
538
567
867
642
148
69
886
126
725
814
2
170
752
652
47
695
618
9
16
629
790
458
243
739
564
988
808
306
820
314
456
49
365
892
259
521
11
721
619
170
720
456
812
794
272
815
304
166
489
251
567
375
332
784
862
705
356
571
218
620
174
683
114
5
89
617
380
414
16
185
282
541
493
526
833
245
499
466
736
637
404
15
191
134
409
896
110
751
99
628
804
208
873
919
895
467
272
606
329
147
84
649
216
5
939
989
14
36
375
741
992
867
66
652
786
773
752
404
403
225
975
580
717
206
472
929
132
194
771
442
943
297
557
303
340
192
674
273
518
890
492
182
852
871
208
386
798
331
833
596
142
831
885
934
254
995
178
255
30
2
466
904
164
345
95
248
122
575
342
637
401
519
141
289
787
723
374
465
475
327
889
485
204
886
354
460
717
473
259
236
392
849
909
172
319
840
892
332
367
187
650
333
57
681
908
460
706
187
391
502
703
865
699
28
223
614
309
389
560
250
603
403
622
693
793
601
48
858
636
479
940
87
530
808
46
57
699
563
749
702
656
485
816
868
404
591
570
511
124
914
376
537
785
757
280
952
877
263
680
498
35
286
439
217
802
143
877
43
945
408
785
372
79
956
647
169
653
292
768
703
756
389
673
160
786
631
406
301
959
695
828
977
546
748
813
899
820
550
557
521
858
28
67
258
144
973
13
611
749
995
528
583
82
798
722
412
940
13
886
702
387
540
124
737
513
431
490
169
372
915
360
703
275
149
388
921
95
342
280
793
223
91
477
290
792
54
391
393
764
320
6
86
472
257
44
603
359
187
674
731
41
577
557
286
336
990
478
648
572
230
653
951
795
795
213
511
837
860
474
720
778
911
321
470
34
736
783
555
246
282
345
146
898
853
206
190
721
666
41
366
557
501
842
216
405
548
207
25
847
597
458
107
584
921
68
360
139
419
598
93
949
26
786
170
280
939
887
576
564
964
659
44
992
374
321
27
958
132
843
65
252
273
858
242
402
533
810
528
56
950
648
486
395
248
424
427
240
866
703
641
440
724
683
958
411
742
695
935
104
700
313
380
67
611
379
122
589
738
316
102
504
507
338
172
289
455
94
360
97
725
520
144
460
120
179
664
554
278
547
456
205
315
838
961
58
431
651
636
894
607
68
560
159
101
61
608
541
183
691
920
788
525
406
478
738
517
846
616
160
582
971
952
549
126
294
537
638
66
283
710
373
572
978
667
721
770
851
517
825
226
544
852
451
962
240
114
342
292
499
477
667
628
334
250
273
28
333
573
953
558
248
815
418
527
274
836
954
244
307
220
451
349
841
264
503
675
931
638
685
519
622
161
905
88
481
136
928
923
275
226
835
697
53
959
608
917
758
318
369
50
564
167
392
438
981
555
129
853
116
369
783
483
105
484
963
547
148
176
674
19
815
462
414
475
622
142
211
791
334
414
505
438
762
240
341
236
93
422
874
197
868
390
394
221
677
817
998
250
449
580
956
997
47
866
90
832
67
584
456
452
355
870
918
96
725
652
178
435
748
630
338
841
900
603
345
629
980
392
750
597
236
962
142
927
186
701
498
296
420
356
573
434
287
622
202
719
338
383
130
938
479
469
350
782
324
369
6
78
806
153
761
456
158
163
874
150
942
515
43
496
76
910
29
780
330
297
314
170
891
22
947
38
740
746
286
548
513
603
176
604
625
744
438
814
680
42
493
263
451
375
967
819
796
690
536
427
80
492
380
43
451
981
410
627
491
856
107
812
337
572
445
19
114
505
503
853
218
632
3
694
1000
796
223
364
763
880
674
217
900
743
920
978
295
960
136
898
546
245
986
784
521
214
806
314
535
883
496
70
190
900
165
959
413
405
970
640
20
932
136
50
501
979
183
455
240
484
983
234
759
498
825
690
799
654
275
626
285
867
876
956
747
803
959
89
367
226
323
905
157
680
774
149
22
287
881
801
174
345
541
417
514
640
386
774
969
254
607
737
185
758
467
888
976
564
983
260
938
281
176
349
782
839
627
267
429
745
57
142
713
287
569
454
199
598
118
500
929
152
548
821
927
388
422
443
802
803
245
519
588
378
760
543
545
152
565
632
344
611
706
747
649
84
297
967
910
5
480
688
987
876
36
204
889
895
377
423
885
499
268
629
792
578
548
433
50
942
264
922
703
404
287
451
157
400
196
348
529
375
392
984
976
479
971
320
508
132
125
235
665
284
900
927
304
409
8
659
296
304
24
20
90
625
660
787
375
631
266
336
204
373
504
566
880
671
716
902
613
675
487
103
478
811
81
638
282
805
961
627
594
253
162
31
732
545
5
27
925
670
521
700
15
359
305
226
731
716
437
235
1
272
694
561
19
165
63
602
26
849
645
957
636
143
602
884
362
688
669
248
852
949
762
950
532
358
925
743
263
301
502
758
603
956
241
239
433
954
301
818
357
647
93
66
982
460
117
35
70
68
645
209
896
571
377
598
691
122
392
846
118
361
530
378
618
775
833
898
968
981
605
730
82
652
834
688
915
833
1000
293
887
361
332
504
387
185
144
353
485
492
952
933
503
91
203
875
933
712
343
797
159
916
703
516
694
696
948
695
592
363
753
158
259
769
765
681
306
988
214
346
190
986
810
707
251
708
227
688
26
777
772
458
789
372
211
685
540
83
623
479
196
256
390
715
180
279
85
20
631
352
10
652
933
487
919
593
865
434
15
25
680
219
575
303
411
469
425
352
64
418
936
591
505
1
281
502
360
7
832
82
472
316
1
446
965
547
327
686
231
720
779
525
5
693
756
939
754
944
760
801
181
883
442
782
920
375
393
669
527
616
945
680
186
410
300
405
3
241
379
4
489
403
67
275
583
65
562
440
602
865
368
422
289
2
733
171
924
719
49
924
825
21
806
446
35
461
807
44
67
298
67
630
627
817
963
665
522
792
7
470
407
215
151
150
111
652
82
586
818
566
904
318
811
725
867
322
606
769
25
384
917
264
236
516
39
263
792
585
531
146
944
978
92
668
77
919
690
754
560
294
188
907
584
680
130
51
871
156
428
28
150
313
893
793
215
528
515
958
244
443
302
21
948
994
825
106
217
747
275
78
469
29
639
150
839
49
461
408
19
428
928
370
666
836
949
812
217
540
575
935
811
921
14
384
426
267
641
100
429
564
861
871
468
659
533
948
476
400
45
813
189
152
435
752
945
858
187
496
717
276
130
770
919
152
737
638
275
542
794
46
328
590
989
538
893
162
712
773
74
82
134
375
168
281
950
879
76
407
891
302
255
414
793
949
227
2
875
381
666
741
450
833
387
399
359
205
432
653
372
174
892
166
617
915
522
650
624
54
341
170
81
744
256
256
178
518
715
661
221
675
308
559
567
493
856
391
220
505
752
860
187
960
497
208
576
184
712
714
106
912
472
874
221
473
130
210
544
787
589
2
996
789
220
881
5
892
601
658
99
855
390
14
933
236
836
169
63
953
306
286
705
927
540
747
800
67
307
827
352
81
275
309
702
250
356
993
940
615
462
58
127
560
308
51
703
976
668
926
273
930
205
709
965
323
963
252
386
365
199
436
260
45
868
748
158
704
708
931
557
140
732
187
56
96
397
652
213
295
948
726
34
567
582
98
849
367
605
979
554
179
401
448
776
49
818
355
507
623
430
869
975
697
157
549
894
731
300
939
663
322
731
340
191
13
967
730
223
481
974
81
905
373
68
429
427
168
395
64
654
462
448
311
689
614
59
519
107
244
908
836
576
308
499
322
35
169
475
446
393
687
454
265
456
387
93
75
877
122
518
923
499
36
696
231
443
744
221
5
577
231
65
62
502
248
467
396
68
76
539
622
218
431
168
793
704
877
52
957
33
540
590
602
319
450
342
654
265
248
441
697
438
761
653
779
908
903
689
636
291
693
845
810
257
600
319
530
64
988
344
617
273
422
848
542
384
619
14
57
661
454
154
479
29
984
839
34
1
425
825
240
984
96
1000
468
536
237
36
548
394
144
305
859
478
258
739
304
517
564
200
76
86
911
46
387
68
957
225
198
663
969
86
759
777
282
777
25
865
576
781
919
720
434
177
678
621
306
413
818
47
481
145
753
504
560
680
245
674
866
677
594
835
727
854
94
199
120
580
775
369
55
65
73
177
388
881
480
506
164
656
758
469
451
581
627
869
624
433
555
492
490
926
248
318
513
277
651
526
706
179
833
810
832
545
418
942
930
285
350
370
718
213
748
901
257
262
356
642
999
503
663
745
980
280
859
813
45
652
996
731
995
934
626
512
899
372
765
155
602
10
931
910
134
231
634
825
745
634
721
892
634
519
820
790
105
461
256
490
302
759
322
609
298
746
678
893
376
572
903
348
364
594
264
411
105
540
112
356
476
721
99
43
625
971
512
336
738
136
934
857
912
312
531
503
15
649
312
516
31
684
944
784
101
136
710
419
140
207
713
66
457
613
822
295
124
790
420
532
638
32
134
848
642
340
201
551
439
232
655
110
150
434
900
782
514
558
843
139
481
258
498
487
860
114
894
176
559
177
324
454
629
769
709
505
288
313
127
626
7
279
10
830
74
406
519
245
614
677
924
240
770
344
268
498
241
828
559
891
825
250
74
126
819
787
935
8
404
450
834
910
731
311
161
142
434
10
794
621
197
918
796
703
227
910
17
898
407
96
728
957
551
985
74
771
927
497
941
932
133
673
112
970
663
358
53
587
428
644
161
774
909
102
94
778
917
744
267
262
715
165
762
111
53
991
338
918
461
906
361
550
145
14
655
857
807
649
59
763
890
918
204
281
425
37
631
708
927
841
211
535
293
262
73
89
306
4
208
466
800
594
266
247
107
277
577
404
447
229
539
291
510
150
188
302
57
192
902
711
66
311
887
494
516
445
141
819
780
229
378
29
160
934
906
139
574
288
236
937
33
802
97
96
654
767
862
252
575
611
654
402
282
964
237
604
318
46
348
229
596
948
207
169
648
638
22
96
307
233
529
74
173
99
774
730
822
509
249
817
983
987
279
706
578
461
506
554
239
573
653
538
886
384
632
330
900
200
332
851
853
372
566
60
381
820
362
1
480
496
198
126
947
569
893
519
878
762
427
106
622
491
210
854
67
760
973
903
539
274
825
131
228
542
279
620
774
302
464
877
999
876
183
592
575
229
878
298
539
312
276
955
848
48
754
710
769
199
834
434
704
714
230
132
332
680
20
276
212
58
85
614
184
265
854
305
616
766
872
967
394
377
692
20
410
116
26
828
897
253
844
126
494
697
535
865
199
518
735
779
982
510
310
329
679
880
389
116
209
433
575
40
618
244
214
82
844
741
608
465
878
979
625
458
718
934
417
214
30
91
535
633
394
501
312
890
245
397
959
433
202
24
416
722
636
360
622
515
194
402
685
943
711
566
640
189
305
847
394
935
863
245
491
911
76
722
223
184
532
74
214
848
663
524
724
52
535
902
1000
807
321
594
721
915
498
745
633
757
530
913
835
186
101
203
519
156
113
499
242
623
387
418
367
634
540
636
748
740
781
920
116
75
792
442
345
288
612
456
563
767
825
608
740
452
568
115
736
943
907
742
529
189
995
749
732
959
753
346
393
646
415
394
60
619
92
141
676
723
800
308
414
77
558
781
543
779
173
114
739
395
584
726
414
318
52
815
379
539
422
766
796
27
475
425
163
224
609
6
599
232
295
112
716
418
858
870
499
826
325
994
667
852
676
789
134
884
679
501
391
598
274
520
429
583
59
115
529
768
162
777
589
143
909
451
391
544
276
905
618
427
785
267
353
956
376
99
248
74
228
15
368
436
952
244
616
79
655
859
439
832
13
58
808
418
210
747
306
593
371
26
67
223
438
228
601
746
810
230
305
788
71
626
331
241
457
218
502
242
989
249
715
694
695
646
308
758
679
488
305
594
872
224
31
326
422
178
546
700
285
582
305
22
669
574
462
914
721
918
462
990
371
481
994
674
857
409
392
228
524
381
54
676
451
378
614
551
19
78
429
361
257
536
560
241
85
820
747
710
979
870
1000
331
237
931
18
365
488
586
258
585
164
838
412
407
838
835
181
836
314
926
223
576
775
917
482
704
630
375
253
662
645
823
525
433
955
839
376
545
148
910
725
793
747
183
585
980
215
145
162
404
169
236
352
358
950
978
277
454
625
836
33
18
299
500
417
271
778
266
937
36
716
719
429
497
613
796
41
581
916
675
543
924
147
860
938
250
885
743
287
464
792
721
106
237
521
875
973
771
268
99
819
946
204
877
366
247
772
436
599
649
586
351
476
294
277
635
33
958
986
279
407
145
990
447
347
497
342
209
524
104
549
518
448
559
643
532
247
111
789
571
500
492
494
517
683
774
26
510
976
926
145
725
520
898
428
820
100
875
384
703
749
63
180
317
800
86
895
469
118
960
847
574
161
928
320
213
973
354
748
369
608
936
326
338
874
911
493
364
318
582
619
716
461
30
748
22
806
558
73
453
292
621
30
384
458
603
283
531
219
496
343
685
271
658
224
904
362
985
83
638
708
325
860
4
754
892
337
39
881
304
668
918
739
138
548
774
270
471
666
899
270
959
915
291
600
450
171
221
286
205
90
353
61
484
992
262
431
596
192
507
823
247
180
87
355
814
381
643
428
308
422
133
840
128
296
967
905
821
737
566
148
298
882
163
59
872
514
908
177
91
140
936
169
205
225
72
363
238
495
503
300
444
188
694
600
952
80
29
667
689
901
94
518
307
946
928
133
111
217
288
919
105
811
767
519
139
411
981
808
222
380
56
593
743
695
383
361
705
488
413
99
850
52
327
339
904
443
933
388
216
472
325
821
710
916
807
276
544
902
842
166
207
122
21
966
773
146
457
248
134
551
145
824
215
69
505
587
271
432
310
638
197
18
906
125
734
240
73
409
1
29
684
632
181
869
665
294
518
268
374
569
208
286
940
247
511
241
500
73
480
206
821
360
471
932
567
665
78
481
916
746
803
157
172
980
122
703
196
1000
247
459
802
444
351
636
268
411
46
998
818
17
487
632
728
410
66
130
718
605
909
407
615
73
490
311
974
480
133
731
870
113
64
312
930
992
558
31
348
803
930
199
711
9
195
854
68
368
451
851
266
1
507
300
941
462
295
603
780
324
263
827
286
485
996
681
610
244
79
575
204
973
863
943
135
908
688
542
516
614
69
552
59
721
242
228
955
186
750
473
855
830
749
275
696
432
896
988
930
185
570
982
498
691
735
525
950
590
912
518
591
99
365
243
403
896
666
533
125
833
910
711
32
203
63
212
813
801
168
253
547
763
728
746
122
858
769
284
236
39
644
234
762
948
367
375
772
965
685
81
311
910
67
647
178
917
16
442
747
710
119
87
146
297
386
643
799
249
366
492
984
49
786
297
876
423
279
41
767
655
879
13
275
341
101
966
330
717
450
830
987
312
435
710
639
963
617
381
930
400
54
706
818
256
979
885
378
292
889
405
264
611
134
380
601
120
154
779
939
218
727
628
769
85
220
996
438
336
603
443
605
92
912
507
357
907
472
762
40
574
726
367
383
160
932
512
74
619
205
388
495
566
108
810
172
770
848
318
100
68
848
642
372
730
184
957
487
56
312
427
187
41
220
895
199
202
759
230
318
491
899
922
222
924
132
838
158
928
997
593
849
706
460
214
654
452
227
610
326
29
86
533
246
359
27
189
307
718
322
210
864
488
232
472
318
614
723
31
592
328
582
619
428
748
786
792
750
388
136
195
206
702
968
210
176
982
108
4
342
438
327
203
974
786
919
540
426
647
771
263
354
798
557
85
481
309
22
814
113
887
822
660
821
410
210
801
675
493
619
216
868
216
81
548
502
814
12
521
288
347
420
785
649
244
576
741
988
678
83
55
149
56
445
946
8
725
933
385
350
140
393
144
328
661
366
454
607
594
470
989
144
722
846
322
156
794
70
573
609
629
384
201
782
533
17
240
981
601
20
689
451
438
895
921
455
402
509
649
755
637
528
621
270
669
817
842
716
798
883
201
994
484
896
231
59
532
569
553
65
713
397
88
388
224
535
511
121
565
615
908
326
844
710
84
612
871
710
661
483
297
877
32
418
357
304
309
311
439
343
766
407
565
91
558
252
830
678
707
901
466
922
235
679
909
779
759
672
914
915
801
496
884
408
275
202
665
490
9
572
895
472
44
233
128
925
347
669
125
452
929
780
774
461
33
48
442
184
979
620
696
354
438
72
368
267
851
27
963
528
598
344
830
482
793
312
597
792
893
178
935
473
857
550
802
853
426
766
926
485
19
281
246
633
5
127
993
765
918
882
986
300
804
650
673
635
107
171
174
906
790
864
585
846
136
889
211
999
953
490
993
166
311
228
649
120
744
117
531
13
548
411
656
501
87
490
912
282
257
610
353
845
928
363
177
10
92
655
519
163
177
936
470
835
416
179
229
89
702
204
820
348
369
153
668
49
229
623
225
871
115
699
800
602
354
802
923
501
982
510
933
370
817
241
814
801
678
579
813
665
24
69
390
705
946
115
999
389
751
323
647
149
467
17
780
955
99
234
495
505
105
671
416
816
957
755
632
239
898
829
921
584
298
378
306
298
313
259
504
205
408
532
251
221
362
768
874
758
759
257
722
532
779
982
85
403
888
725
399
223
407
217
62
110
227
142
98
228
200
749
426
76
370
618
447
636
370
265
591
484
337
157
164
681
802
9
518
160
464
2
648
592
365
864
490
814
766
465
124
248
76
779
691
219
52
999
296
727
60
831
696
24
765
654
76
595
420
33
812
737
993
830
910
583
973
214
176
736
566
552
663
915
102
179
691
580
200
435
656
326
903
864
327
698
802
711
706
235
497
595
584
598
905
425
259
427
570
161
472
619
90
425
151
468
342
462
960
908
212
700
521
975
185
487
834
651
535
454
257
479
616
158
468
358
48
706
1
790
974
543
45
913
725
529
561
492
40
466
120
496
789
283
711
496
259
635
362
400
118
249
356
77
835
84
105
306
675
422
1000
23
298
915
227
87
707
914
316
891
523
900
176
163
917
349
904
372
836
328
563
60
862
291
649
681
119
949
969
199
965
572
206
404
689
350
999
437
577
159
380
302
777
836
97
467
29
387
866
132
703
811
506
304
82
419
664
752
935
979
643
613
6
79
375
578
72
669
704
572
145
271
444
632
108
225
141
840
964
560
287
972
841
977
602
697
197
894
261
455
434
35
325
795
160
430
299
701
215
976
674
277
895
770
949
122
60
216
80
391
718
214
38
452
855
756
755
397
570
541
849
7
711
762
895
477
263
71
77
695
145
230
479
931
136
531
377
485
642
920
715
288
407
812
816
63
341
966
126
381
178
782
215
766
330
592
638
964
617
18
478
899
583
831
573
238
931
97
309
971
373
435
264
304
46
715
535
507
304
76
984
663
402
432
973
81
552
296
237
365
198
786
727
719
466
728
91
654
807
257
910
699
62
998
287
804
898
786
644
149
298
531
568
977
912
152
351
623
722
109
720
20
144
926
45
264
782
263
667
804
559
190
67
43
628
869
334
976
481
276
683
97
357
741
566
648
630
495
589
986
308
752
531
114
185
548
269
384
970
365
980
929
492
523
290
320
139
643
573
280
340
272
714
227
195
308
487
256
16
555
480
311
627
114
397
33
792
15
419
512
186
158
139
565
800
213
537
587
941
678
456
141
384
44
158
702
263
500
18
252
613
853
581
664
312
571
719
41
474
5
524
608
671
992
875
697
333
634
760
654
473
447
433
201
948
995
291
121
623
838
879
733
80
936
422
709
493
195
20
44
575
196
39
25
269
283
160
500
891
619
482
505
803
444
207
126
724
319
878
729
313
741
219
888
159
546
804
319
453
4
444
334
673
699
56
384
489
989
810
134
154
918
228
905
119
27
600
539
744
736
98
844
589
567
660
209
175
431
616
874
630
431
294
403
15
253
884
929
825
999
20
945
266
245
170
404
844
165
752
490
405
257
278
520
347
475
633
717
682
238
661
213
366
504
515
645
126
130
935
450
250
820
598
282
507
806
665
310
211
827
915
350
840
37
240
403
938
712
698
976
899
94
413
6
369
872
230
547
723
844
246
560
665
354
250
164
214
149
455
537
833
251
360
33
404
525
916
605
242
506
597
14
606
999
989
208
36
624
511
821
308
248
408
619
873
613
32
411
99
323
271
318
483
99
524
451
408
614
563
484
499
894
76
455
424
444
371
476
251
361
914
920
499
951
738
481
45
501
977
730
549
209
306
997
356
411
497
838
116
687
348
309
602
247
200
346
759
923
906
879
72
799
497
776
505
327
448
9
1
641
230
381
429
20
468
716
42
724
259
658
728
906
139
581
545
831
640
574
417
469
515
427
820
153
560
647
719
385
578
6
436
823
389
399
147
459
253
336
28
767
769
271
301
245
225
82
987
836
561
341
905
763
83
724
942
829
454
762
536
610
444
590
713
917
292
579
330
691
137
359
277
296
916
779
398
864
960
297
166
181
770
34
731
349
684
27
439
758
261
409
488
561
461
588
363
191
176
756
644
634
222
229
720
259
92
576
755
603
27
222
997
669
78
638
171
600
286
652
629
38
643
401
366
766
753
66
636
283
583
179
684
368
185
729
652
575
387
605
198
624
542
897
486
929
576
221
777
603
574
227
793
447
248
107
478
674
220
547
780
487
682
816
411
982
249
893
295
900
610
69
537
148
589
386
259
407
552
996
70
409
940
434
753
702
809
304
955
766
348
693
7
588
539
909
847
863
336
441
162
340
933
154
968
30
720
127
181
897
285
657
791
263
291
369
792
746
685
362
599
640
329
566
904
476
708
911
252
391
819
322
640
9
784
69
104
857
520
806
39
70
387
864
366
968
862
300
54
935
386
7
36
159
318
349
972
126
506
395
526
416
28
546
437
870
411
42
147
886
660
131
600
276
561
849
636
642
851
288
993
923
880
762
987
881
814
864
845
983
639
580
399
606
955
460
855
898
864
159
133
759
973
3
586
125
331
737
336
10
603
180
27
486
280
281
105
586
175
225
455
136
17
101
882
271
389
269
212
638
94
611
269
332
476
116
501
952
214
255
440
88
234
24
712
129
27
707
501
262
443
878
725
925
466
301
395
423
313
112
622
33
597
910
949
723
775
703
951
960
38
922
580
846
711
545
754
770
340
618
38
896
89
465
32
184
456
594
109
126
533
566
752
830
820
514
81
418
45
705
611
342
637
107
600
334
271
968
516
246
519
967
640
600
66
65
298
291
433
686
539
852
350
750
449
118
518
245
234
685
596
253
66
918
178
175
306
307
162
537
421
560
767
752
67
219
373
509
487
572
748
55
274
85
289
70
947
542
273
335
214
747
70
987
129
663
315
605
533
557
418
711
332
239
759
842
887
968
566
275
250
242
573
523
220
920
845
136
629
479
210
810
744
158
48
317
491
163
321
946
395
588
701
361
445
74
427
395
998
418
920
306
924
450
133
259
192
306
612
780
174
735
105
186
484
563
966
346
903
203
602
122
298
79
439
953
943
615
383
232
985
369
116
402
685
426
916
468
854
889
764
847
494
342
341
293
280
443
719
353
471
615
286
536
547
267
973
787
860
29
939
121
936
155
486
199
414
97
406
383
392
196
571
317
811
390
248
575
946
130
338
958
41
303
357
354
839
198
113
637
242
418
673
674
659
261
308
772
67
727
901
146
561
933
426
142
5
184
520
876
349
413
690
138
893
924
295
975
23
216
589
86
75
666
697
881
129
378
228
817
598
358
736
815
980
243
705
488
855
386
128
866
656
677
420
800
448
17
42
892
759
653
820
571
273
740
444
843
59
333
927
896
51
997
530
83
483
42
35
178
603
973
323
369
242
426
890
596
442
889
578
68
618
592
161
961
463
866
621
432
585
835
398
560
718
332
246
395
171
220
258
568
450
992
694
524
628
594
908
538
305
625
365
181
573
286
709
239
611
698
63
298
416
670
93
814
234
494
322
757
615
966
825
996
922
197
748
207
551
523
729
32
964
229
553
397
566
371
580
915
431
54
572
476
449
131
266
940
434
856
81
16
123
58
778
61
148
334
973
251
8
247
868
885
358
328
835
711
860
859
730
402
356
953
118
883
561
742
242
679
135
161
985
214
948
156
659
810
933
395
427
945
596
157
744
370
864
215
955
153
453
948
415
399
897
983
799
688
447
646
307
157
243
307
142
944
823
682
284
552
157
833
14
486
770
786
87
968
260
939
505
821
647
715
455
628
100
632
280
227
297
216
559
849
7
470
678
572
983
887
67
614
709
509
501
9
55
132
887
680
4
990
174
492
720
506
833
60
661
345
949
282
717
321
975
215
121
69
65
495
37
429
926
936
704
545
693
920
855
23
970
548
103
492
520
670
497
949
544
964
654
196
26
142
218
701
313
603
1
284
383
500
628
404
624
976
674
159
301
698
243
420
344
673
332
912
497
197
28
667
399
709
958
698
391
11
28
24
98
311
1
31
156
468
30
382
308
227
673
159
169
37
697
151
477
914
361
913
667
756
498
84
222
429
747
970
376
740
242
143
686
490
59
164
761
762
945
617
618
98
77
820
24
112
463
299
419
43
281
559
486
285
46
918
13
214
764
68
761
172
695
506
184
706
299
700
539
444
112
887
656
532
607
681
762
872
575
722
346
109
17
848
181
100
956
669
770
806
963
997
806
660
36
658
126
843
976
707
861
810
364
625
869
925
791
136
441
152
562
237
996
801
146
607
667
757
723
141
889
4
624
686
500
669
347
874
515
124
928
214
678
888
2
340
888
329
280
552
176
302
468
808
32
212
306
608
438
841
391
186
131
581
941
475
326
411
793
785
456
363
751
922
415
298
647
135
576
10
140
257
722
512
909
842
606
345
154
529
712
241
431
326
722
76
226
732
156
847
747
533
100
146
840
574
781
519
879
673
301
382
175
992
915
557
265
549
149
174
88
165
581
68
586
920
580
732
431
740
857
207
553
207
863
635
323
124
47
18
102
255
894
310
315
216
551
952
648
371
115
295
952
452
395
899
999
25
238
76
713
126
505
877
484
777
720
218
791
767
450
319
926
139
535
355
484
411
61
786
785
48
321
100
753
157
542
520
885
91
867
733
68
569
832
705
398
42
711
373
572
349
625
962
546
719
464
592
744
228
342
241
465
635
942
931
986
362
57
237
796
128
483
837
888
585
777
975
641
531
157
750
668
663
98
406
59
507
80
567
855
247
628
841
822
327
731
10
444
908
365
652
738
812
169
287
905
405
728
313
255
880
516
666
750
694
325
880
466
528
583
304
184
133
433
717
128
344
109
802
337
291
286
513
899
887
314
274
141
433
439
75
397
753
225
873
610
705
319
908
374
715
301
610
504
679
593
887
803
488
478
168
385
424
472
249
194
624
320
732
905
418
245
235
352
232
904
699
219
856
482
333
351
270
30
910
760
463
551
30
331
940
297
460
718
141
410
891
192
598
234
578
672
306
563
890
689
329
521
941
481
817
596
424
30
508
997
704
94
716
569
551
819
309
281
207
710
137
537
721
775
771
690
782
79
883
355
85
639
920
190
91
989
577
290
498
251
859
99
608
222
643
829
116
933
247
463
648
83
326
837
670
73
369
625
398
394
477
670
755
158
584
27
69
592
581
18
702
81
127
596
535
225
270
759
196
761
95
268
214
503
221
549
25
480
439
897
19
441
980
628
692
558
795
721
552
980
641
53
499
155
768
4
47
45
296
338
800
605
933
286
829
817
217
904
995
215
520
844
541
658
529
452
921
722
952
38
907
499
292
909
447
222
3
257
825
965
495
184
690
623
460
204
513
472
145
885
368
444
311
272
905
522
596
213
91
227
141
377
382
757
114
430
967
183
813
340
55
551
470
389
255
959
923
662
254
894
372
5
476
558
324
521
576
679
959
505
688
31
763
109
34
324
32
467
113
427
951
212
778
856
718
25
520
102
809
225
253
862
514
669
678
90
718
659
669
894
937
361
234
567
28
147
525
211
686
527
142
924
676
859
826
398
368
50
706
550
747
430
16
69
205
464
412
645
40
808
761
694
459
834
552
281
419
623
53
452
574
45
383
269
729
394
978
510
519
672
986
711
132
701
733
224
90
617
802
861
773
656
401
75
944
698
977
175
109
513
270
631
515
300
834
949
571
680
891
645
812
301
459
822
370
432
508
176
489
907
998
345
635
965
46
120
628
969
15
310
282
403
111
570
480
656
608
457
400
259
667
599
913
600
494
733
14
91
430
80
217
180
468
182
983
70
949
463
682
417
109
605
657
827
33
777
858
864
111
166
374
625
824
610
227
482
52
667
198
62
210
925
176
512
218
524
658
94
395
491
917
727
378
763
207
298
925
414
984
652
359
460
136
268
211
846
214
304
84
324
973
988
445
518
121
647
145
555
937
89
777
373
595
617
146
422
119
404
806
316
653
772
985
171
140
473
664
845
267
321
467
523
50
891
568
804
97
312
227
395
282
571
709
816
384
800
995
138
434
656
4
67
227
27
769
991
153
855
198
622
99
972
620
489
610
871
659
891
413
758
958
31
80
225
954
387
777
233
168
927
192
797
793
555
231
512
490
65
696
426
960
307
72
921
511
670
994
906
332
728
999
135
677
242
724
260
988
672
701
495
970
684
235
15
872
162
662
100
692
308
290
360
477
207
138
756
228
842
12
72
268
830
54
474
813
633
167
771
744
883
172
764
230
48
394
202
263
559
227
152
653
469
788
951
738
731
912
366
166
493
65
261
609
344
412
767
235
554
199
406
60
797
978
896
139
21
340
715
705
118
792
970
867
575
739
737
210
375
225
460
186
454
680
767
445
965
140
63
185
219
111
609
533
938
107
8
550
467
146
852
476
887
785
261
937
107
396
326
916
544
118
935
398
50
92
13
316
904
622
969
47
258
697
60
529
203
550
201
477
456
405
295
250
830
914
845
207
274
627
669
890
135
663
554
51
159
314
794
240
232
972
644
317
230
378
208
1000
680
524
152
676
468
600
544
624
851
355
61
115
118
701
620
19
532
708
713
764
770
960
156
805
822
1
698
961
852
470
241
772
282
816
945
947
275
12
402
846
208
158
198
536
23
709
380
130
786
449
80
504
381
601
921
515
4
445
46
352
835
366
849
741
96
158
893
587
268
999
385
914
603
614
878
145
248
728
315
326
507
816
369
793
729
301
471
252
686
907
630
804
494
825
268
177
25
831
178
66
916
254
897
199
763
790
81
383
40
195
595
724
581
961
147
972
331
508
257
987
641
522
491
993
315
908
553
115
590
812
576
580
18
746
704
328
8
144
788
985
93
616
851
312
196
884
806
425
565
196
690
203
983
547
83
224
793
835
438
593
449
316
272
304
569
300
493
505
476
74
685
561
543
117
313
522
134
830
307
482
607
812
329
785
462
145
889
860
1
494
622
347
235
125
461
9
299
878
953
412
702
823
58
584
279
727
130
452
111
393
431
117
965
18
117
404
348
718
525
998
188
944
734
150
215
268
318
366
170
706
67
141
130
493
357
815
805
438
503
265
351
906
829
812
182
184
414
255
394
863
551
41
468
649
402
1000
684
597
761
987
163
136
38
224
585
286
942
57
901
597
820
820
631
288
6
521
626
852
263
819
391
468
938
527
797
642
400
984
76
173
659
691
677
292
546
970
528
755
236
863
249
933
609
386
482
413
572
45
30
383
786
288
317
802
788
879
161
229
875
681
684
345
745
705
95
326
287
758
563
618
381
850
580
81
390
115
241
145
582
738
225
93
596
182
604
244
2
404
984
24
598
733
823
724
749
970
338
261
586
829
270
17
532
154
825
921
514
828
11
613
717
272
592
787
560
605
874
438
519
121
115
427
477
528
314
203
368
286
211
182
53
761
353
97
642
62
484
333
442
333
329
927
76
195
391
798
341
725
541
235
33
921
678
298
603
60
875
486
386
138
138
712
85
139
383
558
267
528
281
386
621
197
407
497
21
472
669
702
777
338
227
180
779
573
13
648
750
29
252
46
497
46
947
682
922
588
193
534
318
369
544
534
916
24
204
313
207
58
706
5
754
53
615
206
766
416
888
401
904
348
160
114
163
454
911
218
865
89
592
45
676
17
574
139
155
551
75
684
162
346
102
764
31
977
448
821
412
203
645
194
681
902
710
322
290
842
985
521
113
470
249
739
220
786
404
563
453
19
221
12
875
53
874
544
24
316
384
838
396
936
299
146
629
732
560
370
599
372
818
989
539
945
459
210
368
355
385
113
746
312
280
683
933
17
801
944
981
137
682
327
384
148
435
714
446
369
890
937
714
275
148
212
365
607
883
399
933
521
278
244
706
641
766
6
568
161
449
636
615
938
571
408
407
907
381
997
502
840
874
990
817
297
248
494
628
630
141
60
769
943
240
445
147
461
623
360
23
285
183
17
112
378
281
757
701
925
178
890
674
881
355
202
272
125
604
411
359
499
670
252
683
165
53
972
177
872
234
282
125
534
105
289
284
742
764
16
976
433
635
236
36
409
192
996
62
844
745
197
96
816
550
645
107
15
26
369
281
750
350
67
260
673
452
756
430
249
788
517
614
189
362
504
544
456
19
403
199
462
6
773
165
556
461
103
352
310
388
207
637
673
601
673
983
706
296
171
137
819
442
846
160
172
370
408
680
754
87
337
247
182
272
803
749
142
375
234
168
721
145
494
90
586
859
92
926
952
419
392
781
24
493
289
612
721
357
789
80
836
108
436
654
905
526
484
975
225
2
413
298
580
933
275
136
819
229
508
512
202
406
839
303
263
284
721
71
233
440
221
529
520
925
467
910
269
786
269
809
1
870
267
444
377
988
137
428
911
659
88
920
704
109
938
124
781
838
230
948
97
446
400
168
813
102
846
72
929
570
494
995
410
276
362
808
546
298
274
224
939
459
201
735
603
583
895
605
662
22
127
643
654
828
476
725
349
817
842
210
66
78
418
96
303
201
256
393
587
460
896
517
38
132
738
878
487
338
713
784
934
997
313
764
24
532
987
900
905
925
15
979
22
919
282
16
875
144
240
120
13
715
650
862
437
768
698
664
144
592
865
832
52
475
950
480
817
46
481
797
965
363
87
110
292
889
764
912
384
215
20
485
474
523
610
227
475
773
113
112
812
506
965
125
140
856
344
449
326
689
575
387
233
189
883
241
58
26
729
347
470
863
381
440
923
822
499
90
561
872
750
473
525
985
387
753
23
625
590
514
552
280
633
526
440
261
131
880
392
800
919
352
659
696
249
418
246
784
282
654
569
947
290
762
164
66
755
21
747
477
328
328
322
497
795
998
409
793
136
50
74
127
564
76
656
382
34
63
840
9
404
370
962
629
303
73
346
370
968
807
416
188
941
453
903
96
463
375
222
729
47
960
692
905
712
583
365
791
556
349
141
69
403
706
526
150
323
527
240
18
609
132
46
266
796
259
887
995
319
128
954
616
427
659
816
100
819
455
817
898
200
276
3
302
225
164
917
792
299
134
217
535
18
957
564
611
671
271
369
186
389
358
655
884
372
393
481
865
844
367
738
149
54
442
455
284
225
537
772
200
94
469
42
541
270
475
687
862
421
356
894
800
795
614
388
124
232
280
787
235
276
473
234
924
458
592
939
928
424
402
700
208
405
298
96
351
166
361
57
309
450
53
400
792
549
481
819
569
259
251
879
374
550
545
106
469
775
986
461
21
761
786
133
893
134
344
356
678
55
911
542
841
554
181
26
30
35
313
224
799
124
353
798
596
403
460
284
947
830
1
604
995
895
113
491
930
176
728
450
335
941
39
194
132
191
335
397
996
419
946
448
641
894
17
8
350
763
565
932
778
654
739
311
466
136
791
356
412
872
455
322
673
317
235
826
934
463
338
612
769
139
744
198
774
986
449
408
668
12
183
669
641
732
994
395
139
467
512
754
159
763
374
112
445
405
944
288
139
80
40
84
904
635
679
287
289
779
970
762
218
796
803
345
940
444
236
179
723
474
32
805
49
901
530
894
857
34
569
167
974
225
91
952
236
391
109
802
682
307
673
577
904
497
679
98
123
636
731
154
559
919
409
72
576
727
135
344
772
567
274
212
922
603
629
438
444
435
980
736
873
285
352
579
611
630
919
152
119
191
781
133
93
191
36
137
518
724
276
426
71
456
595
964
544
573
865
273
248
760
985
614
106
845
248
585
598
734
443
955
273
887
349
749
64
311
342
821
982
49
192
942
11
225
76
228
554
925
122
91
299
411
805
357
399
892
325
651
606
504
440
453
392
128
368
581
251
455
406
286
531
238
745
12
567
440
989
240
478
835
238
645
270
381
617
483
281
22
643
350
361
369
685
128
488
512
806
336
389
898
950
120
452
303
368
506
399
548
494
231
399
801
682
164
192
135
350
981
390
612
911
548
771
622
736
744
476
951
920
496
609
355
35
455
807
947
886
621
519
797
124
559
616
140
639
386
703
296
648
20
675
681
674
708
30
407
909
509
951
384
62
996
826
683
400
123
366
46
207
837
644
146
865
461
881
448
916
550
454
6
290
781
706
498
975
470
498
854
906
35
202
327
253
309
635
844
333
879
235
341
570
502
503
560
15
334
143
767
464
376
670
398
127
890
536
405
34
637
258
195
424
55
920
309
375
585
422
930
534
639
635
125
617
809
505
850
158
837
29
819
705
642
911
758
111
907
359
970
340
302
171
274
566
443
563
723
257
845
95
191
938
516
44
845
702
758
32
290
807
598
2
687
957
918
752
231
820
305
194
623
414
787
453
219
622
352
905
187
104
957
21
302
771
280
814
762
418
361
95
533
810
961
967
146
657
824
775
465
286
78
27
187
781
933
702
52
670
14
968
404
25
602
738
197
500
119
8
436
423
313
317
758
600
155
234
239
565
31
101
964
906
993
272
392
560
895
641
528
708
794
779
476
50
833
978
383
957
934
3
94
607
275
826
679
517
988
942
227
946
391
232
915
693
714
407
174
377
2
980
423
947
83
685
1
734
641
910
247
931
732
849
766
904
130
860
611
632
234
565
146
519
253
729
577
437
496
282
101
647
690
978
729
674
675
959
982
310
322
86
652
22
311
323
520
362
550
168
76
210
823
53
105
177
712
355
579
625
95
221
179
33
582
427
813
222
738
591
864
972
858
141
905
729
6
782
478
345
442
907
906
629
373
36
247
687
783
572
316
148
888
970
902
935
184
817
904
388
194
125
577
427
751
956
370
513
134
546
183
653
680
880
253
107
273
218
520
644
216
568
230
488
881
864
132
940
610
124
543
796
231
369
121
180
181
245
353
359
696
636
657
871
585
383
759
993
506
539
629
375
605
219
207
927
132
203
986
762
835
611
29
720
951
700
578
750
803
762
35
220
198
210
463
400
622
480
400
656
126
357
208
472
917
740
760
115
381
175
28
423
371
295
836
925
212
328
227
302
85
984
645
866
773
57
710
97
883
716
723
172
437
648
564
877
526
295
169
851
370
908
832
645
998
621
122
877
615
317
745
583
354
811
798
641
860
49
581
603
972
507
862
781
147
578
914
580
168
751
822
295
564
670
654
630
118
969
158
749
942
333
96
75
1000
987
661
880
759
822
532
537
757
42
532
564
749
509
740
295
964
33
563
988
301
961
681
804
532
865
114
575
88
122
663
78
621
970
980
740
433
914
598
616
468
703
805
531
158
773
863
284
294
162
605
90
255
569
138
962
769
48
457
505
949
398
756
958
295
245
4
355
795
852
604
64
553
308
529
525
94
146
414
305
594
983
698
939
319
218
550
367
290
440
365
403
481
408
40
913
885
453
664
22
508
281
443
5
3
963
332
134
109
721
243
55
743
733
47
441
850
147
114
110
604
930
773
941
136
634
435
71
935
279
639
651
162
259
658
339
175
753
499
680
697
125
597
877
672
671
347
890
637
708
43
161
569
813
450
770
902
938
993
205
107
984
955
84
21
673
86
882
38
427
329
204
689
603
289
303
433
469
562
456
457
630
140
354
598
891
786
760
784
584
353
140
810
603
639
271
245
591
415
184
15
588
327
556
496
598
964
972
886
826
803
534
155
506
716
868
670
6
670
22
819
288
946
896
832
934
804
85
193
480
45
240
523
514
628
921
681
799
995
668
713
483
366
966
693
580
830
471
653
341
821
76
22
797
62
672
208
645
335
319
555
258
792
394
338
628
916
812
41
304
509
295
683
225
964
692
6
614
816
360
819
826
786
510
414
269
681
684
316
300
822
362
875
242
523
77
119
496
540
212
331
298
376
513
663
128
765
959
275
203
228
406
66
667
903
357
827
782
146
324
780
81
305
219
440
801
530
577
687
279
181
470
122
568
320
377
865
914
125
933
824
264
172
572
289
935
785
102
863
806
474
96
30
26
816
