752
748
736
534
428
780
23
516
335
575
496
800
434
113
148
957
302
431
984
501
895
40
216
104
468
65
364
972
655
925
105
381
912
631
338
757
312
256
171
354
523
558
904
100
599
494
206
955
124
286
562
309
596
819
3
495
873
632
928
855
960
850
451
618
861
3
322
526
728
327
649
150
837
746
439
433
79
306
499
1000
992
514
106
586
28
254
282
408
28
425
100
429
277
816
7
853
814
580
264
558
528
532
968
590
136
574
716
140
746
209
129
717
173
151
428
27
166
159
631
755
373
540
330
257
328
269
637
905
299
259
872
585
604
651
357
199
480
98
989
745
117
264
716
931
531
232
788
390
62
478
520
270
157
630
120
135
710
733
675
717
506
61
66
558
91
181
191
999
281
712
6
226
686
627
308
942
88
453
705
689
750
448
348
561
465
311
326
52
206
906
56
307
75
412
485
969
734
113
720
824
403
8
724
747
385
113
949
756
28
393
702
663
883
343
308
996
308
35
437
552
703
740
214
269
930
301
575
457
851
316
30
33
106
491
233
452
331
864
213
60
303
842
133
62
396
638
610
454
337
98
117
654
159
338
127
758
498
26
971
609
828
362
814
610
190
99
977
513
953
438
519
899
821
266
260
894
913
69
497
673
588
751
458
906
964
471
984
155
386
362
225
865
126
664
997
974
607
234
98
567
916
1
940
952
224
495
709
689
655
721
179
661
469
130
983
92
338
778
883
859
943
386
3
862
643
131
930
877
395
878
8
816
753
921
133
318
214
369
657
70
114
402
560
930
856
724
843
750
49
281
34
784
297
366
367
425
558
954
885
433
883
845
685
673
541
734
693
925
670
760
777
134
590
704
41
898
231
342
671
324
205
437
623
222
732
492
48
516
300
363
390
196
544
616
432
752
780
168
919
208
401
400
561
630
815
395
850
687
758
989
409
888
872
51
251
766
962
228
376
988
66
640
865
103
180
711
269
816
870
550
488
841
913
507
649
993
310
987
487
237
681
138
967
901
489
871
305
424
89
549
112
877
499
554
24
401
861
781
417
912
797
812
189
763
404
894
163
80
557
375
885
244
121
460
72
290
50
434
313
37
475
905
825
765
891
723
608
323
152
674
507
631
699
470
896
763
27
851
201
779
116
476
690
260
917
53
963
343
524
251
770
321
882
88
433
660
394
577
779
430
946
466
206
728
918
639
216
238
343
346
775
798
232
169
999
868
465
772
793
701
209
44
657
624
24
810
100
778
45
702
654
574
536
793
274
605
90
509
280
313
403
430
148
520
877
164
303
832
148
152
654
854
15
416
246
805
706
853
180
700
422
138
579
16
735
992
307
41
985
328
423
572
848
75
330
175
782
752
840
272
574
560
961
578
186
164
514
709
860
501
521
998
756
798
292
594
318
442
783
724
740
861
113
112
17
780
734
927
729
736
294
389
760
61
478
434
407
510
30
669
794
532
254
994
818
707
294
912
127
806
180
462
556
633
981
502
824
476
940
580
714
840
875
896
583
755
556
70
108
602
721
413
156
553
87
656
516
634
55
586
480
546
675
839
64
67
830
300
256
794
66
309
48
595
93
947
318
124
447
962
60
496
136
634
951
721
537
854
784
405
877
736
534
342
626
103
258
682
2
178
823
896
445
225
800
974
917
116
302
49
881
288
565
791
128
292
249
775
592
449
300
98
370
665
26
904
583
761
80
150
796
25
619
65
769
530
937
763
17
953
298
995
840
564
296
914
797
128
149
118
964
747
950
435
93
767
898
287
415
185
695
897
998
39
141
442
532
540
431
299
106
578
192
394
199
163
129
687
435
796
104
379
949
363
721
324
256
997
556
154
306
565
175
364
553
693
819
3
732
401
345
802
840
421
723
928
654
812
667
891
481
213
623
483
372
130
577
601
703
935
98
751
683
809
378
774
309
114
11
699
689
951
608
929
578
10
226
167
95
887
703
397
743
739
806
919
404
952
248
869
985
991
661
806
861
301
13
993
424
937
135
192
483
932
847
116
924
109
17
498
433
669
995
51
317
470
687
402
483
280
781
332
397
715
963
142
804
184
727
562
965
209
619
549
213
774
661
332
151
875
180
745
739
1000
654
839
185
970
25
43
466
45
320
765
359
604
751
36
772
823
708
502
176
672
880
993
73
65
650
264
680
699
171
736
716
793
162
828
413
437
43
694
642
173
192
725
923
427
556
828
616
812
486
415
347
501
388
74
16
947
695
484
665
826
818
371
523
12
820
312
270
960
199
899
947
13
703
964
464
202
