154
436
884
828
696
982
222
792
884
37
779
986
290
659
961
843
593
645
752
607
516
823
372
895
790
49
675
99
959
147
512
345
156
451
338
202
970
393
819
190
630
253
416
939
904
246
988
492
223
31
670
353
988
344
418
300
555
362
546
469
414
377
874
988
772
611
558
255
536
203
967
685
449
707
619
676
644
841
843
579
683
104
603
834
528
203
829
593
276
243
984
623
368
62
938
315
667
979
746
509
290
293
866
22
262
442
314
949
206
936
518
581
530
903
714
408
684
441
309
66
768
185
226
491
256
856
773
38
882
984
101
773
726
46
781
18
564
464
889
555
596
143
451
213
985
963
520
110
787
267
9
828
195
648
257
663
201
959
743
87
89
946
308
676
147
616
381
64
187
2
450
172
815
60
834
696
684
535
564
830
426
6
975
472
679
925
771
959
928
226
424
964
903
863
64
196
41
792
731
239
865
233
150
155
909
277
581
682
232
901
272
556
207
104
242
694
975
371
375
681
493
538
165
248
744
636
181
769
693
856
348
659
551
176
461
926
763
494
801
74
795
906
257
807
924
367
535
144
854
118
775
36
321
18
472
851
170
417
935
168
661
669
778
839
912
98
617
875
564
792
931
738
899
411
132
76
603
534
21
64
212
533
5
554
18
413
729
186
892
936
267
864
74
167
539
94
975
953
971
829
452
686
785
186
349
221
56
235
374
205
727
567
613
650
752
648
687
811
870
629
874
742
531
543
174
496
539
303
483
89
147
910
925
684
333
216
461
745
168
621
337
578
207
614
533
563
683
472
756
237
32
965
665
541
223
336
1000
112
161
628
936
583
452
443
348
862
680
887
494
882
381
139
53
395
970
999
379
224
366
247
283
699
260
761
811
408
271
656
560
737
5
716
968
973
942
538
300
562
797
971
567
213
743
987
265
710
543
447
858
891
169
557
447
133
79
173
80
123
777
276
466
389
227
307
49
142
533
667
846
319
695
522
344
474
39
938
523
414
662
558
661
636
273
274
434
225
116
719
666
64
483
242
208
755
902
599
794
66
523
507
668
66
615
966
780
947
337
750
88
275
202
937
942
554
657
299
847
909
69
585
928
664
306
446
246
892
854
73
946
550
16
194
70
139
136
783
652
101
305
443
818
23
75
240
106
37
443
142
541
84
518
171
754
810
16
174
719
609
607
299
969
535
573
331
527
451
983
576
517
258
58
602
856
723
815
389
645
519
377
626
227
476
723
981
416
889
94
824
948
395
668
936
173
637
28
849
743
253
818
440
868
876
133
352
29
988
681
807
647
451
726
993
1000
372
782
533
799
446
906
661
36
748
246
863
694
518
144
838
362
579
86
812
804
331
37
494
877
410
727
888
513
110
244
537
466
799
530
176
586
218
163
355
45
185
568
250
926
832
389
355
290
845
172
481
979
785
812
986
905
932
165
767
682
448
537
794
108
105
67
685
914
9
589
885
10
278
78
698
939
870
56
545
170
213
486
799
743
503
621
643
292
667
263
355
89
581
349
66
481
734
775
591
131
941
131
960
30
814
351
30
731
972
813
904
648
597
766
737
668
271
65
751
872
15
179
125
271
825
641
573
111
872
534
630
647
816
904
833
730
9
520
463
324
899
749
163
610
6
273
409
533
962
694
616
138
407
112
138
745
414
384
466
262
453
59
356
622
576
882
545
248
314
840
718
145
162
517
133
555
141
555
191
53
233
404
362
408
919
245
235
232
210
193
936
627
489
671
559
723
285
756
772
201
605
525
1
787
165
241
45
889
573
386
546
970
867
864
347
363
487
312
44
38
667
585
675
858
393
257
738
55
133
444
937
3
873
390
480
36
745
983
360
281
437
617
461
653
539
30
242
870
321
940
539
815
829
677
561
153
143
882
282
204
925
871
156
482
358
225
480
371
412
925
12
663
774
828
574
283
641
277
44
27
491
711
325
739
94
174
650
889
287
138
561
975
936
314
501
255
178
416
529
339
131
688
271
798
877
920
107
890
209
116
14
971
178
585
773
516
427
571
969
626
440
337
831
561
375
957
135
827
141
117
775
179
986
798
659
392
658
677
587
298
489
938
199
618
641
164
519
967
913
730
236
474
821
361
82
842
894
700
303
262
505
595
139
106
132
484
472
541
821
496
59
807
180
950
832
891
884
510
491
68
277
795
236
886
898
250
414
46
931
138
738
263
119
425
783
15
704
909
752
998
895
708
212
693
985
836
916
863
888
613
41
245
383
764
248
766
728
554
703
154
88
534
499
179
615
42
894
732
903
403
949
634
396
260
964
611
470
837
484
768
948
358
129
657
191
294
252
113
344
800
927
999
589
141
386
828
27
126
228
827
29
465
876
858
997
92
577
205
881
983
147
919
226
508
344
665
252
799
290
910
838
897
207
618
56
459
986
88
881
635
9
467
538
867
793
750
806
440
492
699
176
538
709
108
509
986
123
272
508
20
938
227
233
911
395
388
539
485
390
91
420
339
510
278
330
635
507
567
761
9
534
681
411
964
323
338
951
435
6
238
469
180
723
807
626
464
374
376
545
431
214
544
740
148
705
393
190
6
134
807
318
584
184
721
862
309
356
983
782
473
270
37
935
153
69
961
587
356
227
373
472
62
115
423
94
982
808
846
924
480
815
380
304
373
465
304
795
559
302
219
300
752
281
747
380
410
795
368
295
869
583
658
745
795
606
391
422
922
183
696
825
270
746
255
843
625
749
89
822
112
443
221
231
585
409
783
747
253
583
408
694
853
14
666
935
473
577
385
871
766
944
590
180
537
461
942
919
166
960
948
340
260
335
3
957
811
477
54
763
176
464
420
876
836
796
534
565
611
747
882
491
576
74
650
328
497
684
385
82
871
934
855
286
387
242
146
41
336
946
331
960
607
386
857
752
577
792
855
197
558
380
1000
569
417
969
255
240
199
739
207
985
148
574
827
470
82
822
500
908
369
180
854
838
42
508
2
83
363
154
494
209
243
957
97
417
711
222
933
691
255
60
298
799
240
795
725
407
589
947
574
503
950
583
872
190
852
804
877
317
371
127
33
972
217
115
627
963
163
878
400
154
575
237
813
52
676
84
272
470
806
822
39
5
312
572
239
912
184
548
444
534
406
324
539
485
321
52
981
3
111
907
430
217
237
830
128
434
481
80
736
269
607
135
426
590
507
479
139
27
994
616
143
39
405
565
350
548
835
280
144
307
44
880
823
394
815
396
63
439
185
703
81
467
583
46
296
606
615
32
398
495
301
113
844
799
900
144
942
799
563
610
472
946
396
296
805
483
660
898
80
524
146
339
888
887
705
965
853
938
882
78
954
574
503
196
362
488
320
215
630
785
181
220
247
980
333
181
747
715
358
274
790
972
207
981
473
717
803
147
505
321
418
848
399
64
138
508
156
264
243
60
540
76
726
442
893
802
97
818
287
587
457
983
974
497
503
317
777
778
272
39
881
267
5
838
969
591
885
654
441
796
705
771
512
607
44
335
825
826
221
981
831
726
954
8
830
728
82
91
40
487
501
298
241
644
133
699
812
187
136
490
865
86
396
846
962
650
320
20
42
11
172
205
682
782
282
144
560
227
850
620
329
482
716
870
720
76
846
988
39
559
703
966
746
493
304
63
727
122
299
569
166
974
142
616
569
355
782
804
320
482
352
908
836
798
737
50
725
624
166
437
886
876
868
890
307
257
154
517
164
294
878
249
885
969
726
261
22
375
973
945
136
545
477
352
798
725
765
476
749
793
809
363
144
638
159
858
731
906
563
142
128
903
878
849
528
771
72
27
453
122
997
694
500
136
23
160
212
293
523
767
660
351
420
573
91
280
172
189
731
554
852
210
711
10
578
962
35
673
397
666
589
363
684
746
182
623
292
977
366
549
635
922
940
647
849
747
767
782
917
898
500
637
634
637
784
887
480
395
347
977
119
608
841
937
456
297
671
284
971
392
473
939
36
27
912
507
596
879
982
658
196
298
305
481
378
113
886
163
600
679
123
33
686
558
252
843
479
553
859
752
613
948
904
201
830
951
256
963
460
713
281
459
658
612
251
524
155
952
987
625
735
189
752
321
578
214
997
32
525
355
732
427
562
684
143
375
164
254
684
539
305
15
261
837
239
84
207
708
13
413
184
116
713
36
922
889
811
609
411
898
612
307
252
130
173
431
110
725
273
434
202
495
676
78
937
277
794
714
283
482
874
248
149
571
693
138
746
403
176
90
841
649
343
746
572
872
310
489
930
978
723
660
293
945
958
17
819
425
118
776
913
251
499
73
896
10
762
887
480
589
713
537
838
973
743
141
139
882
811
598
698
936
84
942
14
227
173
245
965
572
120
181
244
745
847
277
283
758
795
385
659
588
736
873
265
931
113
726
986
894
369
63
47
202
865
595
430
76
205
417
414
101
116
36
921
433
243
286
362
827
561
806
353
977
83
971
608
403
291
747
524
600
299
217
991
318
927
940
505
844
302
226
820
727
396
671
135
821
119
354
264
63
522
888
917
491
904
858
255
942
29
711
127
305
387
984
429
502
927
269
905
293
610
957
471
245
639
669
468
758
10
323
710
712
462
483
3
442
865
981
151
4
151
946
339
453
922
760
572
897
717
296
423
748
244
692
395
795
785
332
227
521
192
107
52
628
259
747
545
779
128
198
427
975
423
58
561
35
802
984
861
522
21
582
417
807
307
519
591
268
90
691
210
850
886
299
941
316
593
67
375
101
397
735
146
354
142
358
456
297
541
832
931
820
84
696
712
694
344
663
842
128
740
248
244
624
363
352
885
870
236
642
661
163
387
109
279
894
190
979
438
91
148
579
63
410
825
371
698
426
499
166
203
819
600
352
544
691
224
628
265
163
726
972
498
279
328
786
828
474
583
1000
83
911
647
586
22
776
710
73
432
17
360
635
45
276
85
365
842
553
939
635
792
505
862
328
911
919
273
732
1
263
473
796
772
811
280
631
93
575
417
151
2
832
761
884
462
176
461
327
991
666
297
589
104
732
305
385
636
219
816
583
418
688
234
613
699
277
730
92
108
422
80
549
13
87
678
571
87
918
298
36
135
928
463
733
53
297
706
126
988
141
915
191
433
668
324
898
979
306
169
643
133
43
496
217
925
38
79
290
802
147
48
405
213
356
432
920
266
48
584
12
350
932
681
771
429
48
879
961
560
456
803
974
656
458
593
164
249
520
359
547
400
552
680
498
771
398
933
541
864
799
465
24
855
592
587
155
738
962
401
991
998
330
840
413
196
69
110
397
78
545
489
985
904
493
23
438
741
320
277
282
7
60
280
833
429
320
78
277
186
256
918
108
235
975
131
868
55
471
413
369
962
667
120
925
983
432
123
227
986
793
698
885
52
949
242
805
454
265
911
232
913
823
190
990
907
855
805
259
867
393
315
989
340
173
802
208
541
926
718
761
906
654
387
982
291
765
168
496
879
473
646
944
690
255
419
290
882
466
954
225
244
38
955
668
59
683
313
546
238
635
869
129
142
536
345
631
192
858
603
580
833
589
864
981
1
980
159
10
843
506
646
140
887
439
643
23
840
716
524
10
149
865
712
456
148
731
824
946
876
827
480
617
87
42
568
709
244
166
706
484
810
951
970
577
959
271
642
264
390
478
669
905
278
587
132
406
650
554
928
415
241
97
858
619
597
314
752
157
821
299
519
713
587
811
199
650
938
404
170
460
22
421
414
615
433
952
844
607
893
250
997
138
377
836
954
960
522
738
758
253
359
73
569
616
250
159
557
28
784
985
705
220
52
236
99
474
30
2
123
587
486
420
965
52
928
14
154
36
136
190
34
496
637
962
821
614
980
473
686
158
82
981
522
126
402
577
166
760
69
109
553
635
193
976
350
255
708
426
665
941
100
70
58
320
545
561
133
774
183
835
881
544
597
996
110
136
871
377
339
291
222
439
544
693
91
377
202
19
237
912
741
688
995
181
273
907
641
532
429
880
1000
405
649
271
182
182
294
621
942
874
960
857
713
610
337
230
495
330
797
520
580
400
493
170
38
427
188
976
423
163
25
549
989
11
625
373
997
174
922
110
121
290
35
200
962
570
662
702
705
913
414
850
568
409
353
217
470
713
222
151
479
636
501
438
660
933
786
981
910
289
881
722
750
896
684
632
559
75
811
759
406
591
360
865
503
562
95
615
473
324
590
85
307
79
993
58
870
892
888
941
656
799
101
527
736
947
475
337
483
523
528
797
948
128
443
187
107
598
216
840
150
922
334
400
163
479
158
206
493
733
148
193
7
77
576
301
189
312
191
575
585
745
294
859
848
138
479
1
430
111
235
978
99
593
965
554
445
889
377
322
194
509
3
50
598
69
803
709
676
27
781
522
812
864
955
745
400
654
932
263
269
54
878
847
216
892
444
522
582
672
731
804
558
876
326
121
125
567
23
188
892
117
658
177
58
925
879
139
852
873
362
342
868
315
631
241
446
483
915
467
553
71
604
194
101
582
114
153
995
794
676
334
684
437
233
808
563
135
563
351
102
3
389
617
104
968
673
405
504
203
535
869
627
781
662
534
201
721
46
882
350
733
445
785
174
101
612
33
411
501
32
389
966
418
783
372
130
637
378
791
728
650
60
542
904
366
356
10
789
379
449
635
552
370
962
985
971
745
557
346
767
120
664
359
547
499
849
519
373
948
148
925
129
405
414
740
903
688
95
564
699
271
696
174
79
308
562
333
625
340
756
726
203
459
967
961
803
504
686
573
417
715
204
919
399
420
401
831
515
243
412
610
627
50
139
60
72
840
177
210
184
942
866
661
238
708
225
714
2
511
869
754
798
26
1
641
171
408
190
262
626
505
796
430
870
540
923
324
752
128
809
120
167
273
547
116
821
571
165
871
455
670
90
756
881
487
525
334
790
23
538
670
57
459
328
339
26
77
993
37
819
117
806
804
21
839
747
860
951
546
422
578
49
622
38
179
472
496
265
1000
478
274
789
14
357
242
528
578
477
169
598
283
509
726
825
628
427
444
173
888
16
129
907
476
77
137
832
59
482
397
953
478
671
992
517
291
636
967
356
40
196
818
628
51
553
644
744
267
211
92
729
9
979
772
327
208
123
182
367
65
788
584
749
658
220
884
461
523
36
272
476
927
959
322
160
252
881
440
704
595
393
297
96
265
605
252
536
682
809
747
655
244
13
48
247
442
689
850
630
728
396
243
116
548
512
529
639
953
921
636
48
856
49
844
650
149
67
146
924
847
848
157
675
691
799
928
447
145
773
283
130
778
987
430
788
908
706
574
512
590
31
171
735
147
488
296
15
325
1000
377
303
857
102
266
67
91
233
328
282
372
245
689
711
419
221
565
609
779
779
989
222
49
648
368
894
484
952
550
898
959
908
860
312
634
694
760
376
480
619
550
107
438
506
976
214
142
649
536
126
99
743
745
776
782
747
481
168
258
268
48
439
509
86
119
424
47
886
599
978
835
64
543
951
614
306
207
412
373
710
303
490
287
277
40
524
712
926
936
582
968
843
816
508
855
700
375
297
765
5
642
20
62
622
652
186
422
601
57
249
605
602
650
182
629
942
618
746
87
815
109
619
57
553
164
139
525
424
555
316
29
363
221
116
833
812
961
589
46
764
323
159
135
391
963
249
446
728
151
923
471
793
146
915
204
578
910
446
68
953
758
950
441
77
211
659
72
991
611
916
653
917
856
549
257
669
161
295
921
456
382
367
466
614
455
955
369
72
931
591
521
722
105
574
550
775
231
132
522
40
925
508
395
413
501
912
827
859
977
613
577
168
485
856
729
644
877
714
374
826
556
230
326
993
961
776
809
952
233
309
660
161
22
895
863
152
680
457
251
523
371
110
640
920
113
652
184
634
614
373
123
259
477
920
440
435
369
533
508
711
183
462
725
172
393
125
32
892
642
263
515
419
392
793
499
172
68
348
536
901
291
726
586
837
357
476
737
372
157
643
926
325
961
770
596
198
876
522
684
833
26
542
26
460
246
127
599
11
162
792
486
70
400
196
898
311
931
470
968
829
978
485
81
86
438
209
233
498
865
743
965
969
396
273
147
752
943
58
207
876
945
432
819
489
797
645
714
697
602
665
538
429
652
609
972
315
891
273
341
513
157
625
685
58
422
423
958
495
700
152
503
902
88
401
656
302
927
101
572
332
132
523
729
61
244
242
561
108
538
30
716
770
699
607
672
927
918
759
721
765
225
714
809
726
578
511
485
583
449
579
527
775
928
857
185
184
251
304
370
419
439
912
980
795
39
594
477
693
956
342
495
17
238
941
601
993
523
231
772
351
416
592
656
616
477
569
159
632
510
773
507
415
323
418
41
592
686
532
211
404
569
856
847
895
156
605
111
796
619
462
233
752
820
484
752
604
414
169
571
496
798
988
570
480
858
676
746
967
176
280
133
863
641
119
433
957
54
784
647
353
251
403
334
897
799
866
439
418
395
219
791
56
440
733
464
72
314
157
832
305
297
255
953
612
750
666
170
403
240
531
803
1
29
546
700
836
121
515
377
687
297
345
523
342
282
378
260
314
344
156
316
227
856
454
441
468
257
770
756
924
151
354
33
424
335
762
43
378
334
96
573
490
84
6
422
716
468
861
86
523
167
921
639
813
428
144
847
900
776
995
887
639
883
447
506
526
829
637
207
76
609
609
148
747
606
393
809
792
23
46
736
402
816
787
508
495
186
87
359
821
388
751
80
712
216
104
774
224
294
827
89
550
226
712
218
339
352
903
721
143
175
294
191
23
562
750
936
878
839
235
692
908
619
268
886
853
425
316
137
226
285
114
741
891
964
698
610
649
696
498
657
856
899
77
846
878
325
63
721
875
407
721
484
298
729
969
628
789
380
162
512
242
772
507
782
518
240
894
872
681
146
336
626
523
258
163
620
12
355
319
946
222
615
705
952
922
679
540
278
940
794
519
614
262
27
441
713
682
989
603
389
186
710
982
651
942
905
927
619
212
520
132
21
876
383
922
24
796
89
597
245
698
403
442
30
925
374
126
318
341
200
657
151
752
497
780
434
855
259
764
931
407
635
591
197
337
3
10
338
867
662
223
338
974
574
536
535
980
585
604
486
267
105
433
825
790
913
6
834
745
628
378
177
515
819
933
337
917
587
99
52
870
20
562
938
872
385
777
947
274
384
974
297
243
585
147
69
176
673
939
354
7
687
574
659
909
960
423
361
426
265
871
837
209
378
183
130
779
160
89
973
951
460
794
434
363
174
398
963
646
124
723
433
827
673
95
956
54
678
108
176
537
736
407
542
564
24
52
706
66
450
613
248
380
199
598
143
800
424
663
719
35
360
338
318
966
715
27
989
80
515
122
100
718
314
636
991
143
948
259
133
393
817
439
199
555
369
963
97
191
890
58
658
504
543
265
645
893
284
464
396
365
249
881
48
825
869
634
367
674
928
563
826
617
168
833
579
535
22
919
788
541
798
154
137
122
621
187
273
37
335
166
719
357
958
340
431
182
36
89
118
236
799
360
593
862
151
60
654
163
44
608
76
86
918
837
243
652
65
315
691
331
653
59
579
36
956
830
531
276
859
496
431
962
326
980
193
446
545
847
92
712
548
19
208
209
208
375
650
189
733
658
808
206
376
23
877
795
602
707
858
773
362
96
68
349
539
268
999
176
356
859
679
938
490
69
566
134
774
396
538
486
862
878
810
839
756
744
791
507
927
401
764
291
458
89
705
585
659
763
8
91
441
183
646
861
816
896
669
503
948
196
203
319
955
371
458
260
427
318
415
238
14
748
960
737
143
920
351
193
803
937
716
591
602
644
184
964
756
892
957
70
319
904
105
159
722
227
599
33
969
618
42
107
618
173
467
618
235
633
779
790
677
753
445
604
497
275
778
392
281
303
281
340
701
132
286
577
706
440
42
205
610
638
307
511
54
291
90
49
513
371
817
864
239
904
511
895
174
526
696
346
302
137
589
147
911
973
339
164
965
411
963
284
965
7
823
381
501
941
288
413
611
799
776
663
962
7
836
357
642
658
879
498
976
464
846
298
331
758
414
290
69
180
428
803
502
899
584
364
249
674
8
451
899
611
94
659
742
289
131
260
854
83
673
18
703
972
592
573
787
120
123
29
263
992
567
708
396
61
775
753
767
124
367
353
333
334
239
949
417
730
193
538
136
886
66
954
741
606
52
658
212
547
556
243
344
586
438
372
304
975
866
847
543
120
449
665
905
981
893
204
255
769
290
506
201
199
28
284
169
188
840
843
135
166
995
534
148
173
226
299
248
81
776
429
255
86
68
913
107
986
629
741
647
909
457
442
409
243
187
387
426
348
14
223
541
574
45
675
60
512
986
786
851
518
947
703
862
202
380
776
529
549
621
795
463
93
812
115
160
570
615
146
164
956
924
859
549
879
105
765
166
65
887
55
4
795
895
281
699
753
81
419
710
346
996
353
757
486
862
179
884
524
15
520
97
421
416
595
780
662
317
883
990
496
727
40
827
799
446
593
914
548
181
724
220
142
522
384
78
423
529
31
301
120
732
872
693
317
536
104
415
468
975
485
950
645
280
979
360
420
354
878
919
953
221
479
489
94
648
355
589
499
999
464
853
339
557
974
928
480
698
959
1
940
974
906
688
704
604
740
891
568
102
844
193
326
875
118
853
68
118
207
351
113
33
376
688
514
275
528
163
506
206
127
34
187
523
115
95
52
716
975
620
737
709
998
269
574
676
787
378
782
694
209
212
705
58
68
318
910
808
546
106
396
672
963
996
544
773
397
883
521
534
521
517
960
792
284
724
946
924
556
408
895
605
142
516
265
59
538
969
232
741
430
623
894
616
379
195
923
772
167
899
668
356
864
926
521
346
455
761
410
713
570
765
160
623
644
12
78
165
366
133
549
843
163
18
617
416
93
28
22
495
849
757
214
29
317
131
211
181
500
538
307
378
438
105
231
455
500
40
595
276
826
121
726
793
51
640
894
219
270
316
212
399
611
792
668
190
442
42
470
660
629
261
605
733
25
154
792
436
181
944
486
683
336
671
776
245
212
53
233
66
665
425
74
203
818
29
240
136
350
501
784
198
770
734
195
116
928
495
118
710
628
306
167
817
482
996
904
150
245
287
553
345
77
415
492
508
301
109
28
759
192
894
152
719
619
216
890
7
97
90
7
108
57
833
546
250
477
611
332
317
795
890
69
68
82
571
241
616
842
682
452
833
739
476
131
379
886
438
239
392
611
111
567
17
981
211
847
898
160
414
905
359
226
793
356
630
618
755
640
224
662
762
426
725
236
103
809
383
784
131
665
535
677
22
327
232
158
470
130
930
