483
420
51
944
553
388
830
948
766
806
228
340
403
290
177
830
348
131
917
195
985
171
784
121
26
656
645
410
464
739
557
601
84
370
68
608
692
666
935
40
647
881
944
658
978
930
571
563
544
584
377
181
879
931
504
896
930
236
340
882
691
710
929
640
523
681
558
939
904
584
56
542
874
145
832
423
806
342
610
144
276
485
444
136
11
213
6
178
301
374
868
212
517
666
869
884
676
95
862
537
923
115
933
162
727
196
499
432
723
139
400
10
959
675
930
464
642
829
406
254
653
920
884
188
859
529
314
956
353
163
436
815
399
400
939
665
226
13
571
489
378
548
501
508
168
221
729
910
836
682
947
247
805
681
14
105
723
358
619
922
653
821
470
849
586
20
670
546
690
234
653
388
190
57
662
502
512
529
346
278
137
982
212
927
187
203
70
28
847
499
897
293
645
706
799
578
994
394
682
770
119
654
536
112
563
275
745
902
45
826
811
286
646
500
528
432
745
373
272
501
582
939
145
120
496
409
30
721
365
87
57
946
293
968
380
955
910
427
738
268
373
595
571
638
159
852
841
231
434
308
382
4
639
753
450
231
64
876
400
434
938
222
459
822
242
422
689
765
993
523
653
473
162
715
942
724
819
836
402
162
343
373
791
732
536
114
887
70
495
510
714
137
273
388
334
819
473
569
980
657
267
309
322
567
648
960
752
228
567
380
266
475
810
350
948
182
140
245
539
690
313
751
41
770
321
25
969
655
516
694
404
205
964
614
82
365
983
861
41
594
891
703
597
960
936
650
402
323
662
962
293
76
252
133
749
624
589
84
500
639
988
486
418
812
303
166
155
337
729
34
742
778
843
729
440
799
881
684
483
742
620
283
413
737
646
280
624
198
384
660
235
395
715
778
555
786
258
287
14
566
460
251
565
307
557
868
467
133
550
572
357
470
972
961
539
947
457
380
293
29
679
10
848
611
260
387
716
624
916
202
272
773
481
434
926
840
691
505
104
536
40
908
293
159
474
635
405
858
455
484
154
47
73
754
505
392
587
679
597
675
501
859
362
31
82
175
822
87
719
939
792
724
409
495
659
626
47
904
544
810
149
540
155
726
492
280
541
550
700
927
574
426
731
530
527
72
907
366
884
617
265
790
511
77
901
542
632
296
365
884
134
142
190
388
295
958
803
580
288
674
277
296
857
783
730
679
576
883
104
289
290
320
211
624
843
826
22
781
781
199
512
245
643
496
596
487
500
265
565
991
178
282
70
455
932
136
563
308
97
747
974
23
81
592
608
293
375
532
969
418
285
306
128
342
908
351
742
623
805
437
995
537
526
658
174
219
934
685
963
196
404
67
598
93
595
719
846
204
642
754
445
148
336
172
229
528
808
807
11
362
980
678
875
540
583
788
441
971
206
252
656
4
846
759
396
894
667
17
704
652
662
834
497
511
634
299
871
666
659
614
918
763
143
82
903
347
890
1
924
675
512
612
948
86
327
307
85
405
532
845
510
702
386
216
134
106
177
95
510
169
557
523
480
708
883
460
370
324
48
355
316
855
871
513
913
25
153
841
312
977
376
49
646
544
725
155
828
777
993
25
321
587
991
334
13
200
176
269
790
700
58
893
904
137
243
549
19
260
309
12
205
644
118
565
277
961
313
821
898
711
988
328
269
832
888
470
160
403
127
967
633
994
707
898
757
254
500
58
543
88
566
938
510
333
227
266
61
354
100
309
99
493
528
300
665
677
708
28
633
487
636
82
421
25
913
153
579
44
90
757
816
922
439
499
363
53
804
230
88
347
782
404
829
892
498
953
769
752
285
225
140
934
382
504
207
556
102
944
57
223
432
574
18
723
476
270
927
120
473
594
651
774
370
982
433
303
609
31
559
490
432
718
935
147
370
629
885
959
830
721
513
147
348
770
303
164
619
155
181
422
731
972
107
286
878
894
339
155
764
686
975
717
150
332
399
516
42
149
878
229
838
621
205
21
223
270
650
724
791
204
652
345
816
683
201
929
507
783
125
117
478
983
624
129
926
654
196
720
763
577
572
317
559
193
843
69
407
357
746
404
13
710
903
128
797
622
51
703
11
337
939
955
82
477
26
546
100
541
624
784
252
561
220
30
269
773
260
605
139
403
185
292
76
593
963
559
543
117
158
638
801
479
878
406
263
477
629
832
189
45
179
195
987
819
688
733
122
742
655
118
40
864
757
811
449
768
544
661
727
123
715
111
374
955
95
459
564
299
21
960
958
340
347
243
796
619
522
126
722
724
390
688
527
577
894
796
35
404
897
668
169
243
134
846
286
34
861
593
955
713
13
487
741
442
182
304
263
324
753
959
115
952
499
180
363
122
232
978
618
375
262
310
200
141
194
332
880
246
171
274
910
124
78
881
603
779
874
23
943
323
536
554
85
845
861
269
579
161
56
419
197
790
145
798
886
285
710
115
348
714
824
910
89
442
975
25
969
746
7
577
245
671
447
979
673
349
939
281
514
61
389
740
340
563
770
834
699
753
427
322
693
183
876
833
517
987
689
373
37
388
454
73
280
319
577
85
326
49
616
828
851
855
154
174
913
383
668
423
179
471
828
475
626
874
481
687
391
130
199
954
40
866
933
948
414
144
361
544
220
575
101
935
657
888
499
363
635
42
139
472
345
922
897
789
22
105
740
736
902
493
150
695
343
418
546
354
201
918
847
648
96
953
595
7
385
622
905
587
18
779
284
178
851
188
16
363
213
100
94
768
608
207
498
174
198
469
78
1
888
3
897
662
568
112
774
638
761
21
528
498
320
353
895
893
841
309
366
198
539
473
725
409
498
820
596
977
4
766
365
343
13
96
174
567
107
97
127
735
137
12
540
159
656
927
89
563
339
616
107
783
239
368
312
526
881
261
59
144
573
278
253
788
463
926
518
752
479
550
982
494
557
436
478
728
652
800
462
290
347
303
971
908
718
908
481
778
175
910
284
370
315
290
694
869
294
847
891
309
825
621
258
23
680
727
363
500
429
695
547
65
774
537
525
303
203
362
494
451
718
864
851
458
193
108
242
842
75
740
691
196
642
231
84
542
323
712
496
147
552
445
836
125
941
269
882
234
818
443
477
530
632
402
887
332
735
990
579
750
726
265
780
182
388
398
907
603
313
493
557
769
502
323
705
928
307
896
724
788
868
146
59
157
47
759
160
129
321
352
511
431
752
12
827
379
232
233
275
601
811
690
24
25
638
292
90
707
250
142
696
427
689
392
603
805
423
202
616
976
126
581
660
814
571
40
476
885
474
27
629
992
807
64
935
395
917
623
333
94
281
975
574
634
619
727
579
488
47
369
689
448
762
64
516
445
118
959
561
511
690
139
689
243
103
224
517
721
331
616
298
697
345
94
358
703
789
622
874
755
522
739
690
617
151
197
247
675
706
864
916
514
489
467
325
143
505
295
632
469
347
223
178
214
423
6
247
833
373
849
302
866
830
569
730
530
873
812
609
957
601
995
725
804
373
411
220
671
517
275
633
390
553
283
713
158
385
620
141
410
900
341
290
339
736
59
205
869
149
418
100
917
568
167
559
493
375
435
769
551
263
129
617
242
701
5
123
806
297
885
540
36
332
2
904
352
214
402
196
733
258
850
4
581
1000
816
480
775
474
578
752
304
294
748
826
802
889
719
915
385
849
486
409
723
147
227
394
536
340
413
128
75
99
532
260
335
572
358
227
43
43
959
350
224
154
587
593
131
255
877
487
336
572
213
194
118
817
973
357
872
773
563
448
57
986
296
34
623
314
898
506
151
137
870
156
205
782
258
851
667
470
864
527
60
549
410
921
733
286
796
75
707
873
27
24
142
238
180
101
749
838
902
963
113
794
884
918
604
969
435
377
618
96
797
249
112
297
911
868
783
546
695
315
816
940
823
479
335
256
202
205
838
137
570
465
511
858
320
903
284
123
170
872
570
619
518
736
900
774
688
598
504
22
107
713
766
668
651
680
844
454
770
822
715
417
322
86
867
248
156
529
929
187
538
177
731
552
230
599
849
656
868
260
704
104
855
10
564
336
218
333
941
768
607
161
417
920
591
959
590
324
923
24
266
545
925
412
220
894
551
738
276
575
843
629
70
106
370
143
136
121
644
619
346
649
105
862
816
802
799
537
464
738
287
136
161
590
647
547
541
497
458
483
342
708
721
133
528
369
453
139
567
448
388
72
28
834
633
603
61
316
754
412
269
543
717
883
388
617
363
337
762
281
660
659
32
746
737
137
504
661
366
816
81
446
865
385
447
699
651
728
381
53
300
236
280
681
620
174
463
125
393
389
289
793
538
401
204
133
966
583
558
185
148
740
917
374
60
597
146
197
67
668
940
184
154
747
473
35
155
923
153
248
630
23
971
553
960
593
433
684
955
565
656
89
452
327
805
223
585
729
518
38
817
168
79
991
373
727
954
404
871
876
585
15
638
352
712
873
776
892
892
641
380
45
920
183
822
976
390
959
867
434
208
937
620
634
432
882
945
372
845
18
719
638
12
483
458
427
715
738
522
930
110
784
581
901
509
450
500
763
702
408
881
374
850
238
813
109
456
163
538
789
200
57
961
576
104
101
23
944
865
541
177
656
951
599
627
769
379
26
970
610
217
209
197
171
365
667
771
850
650
56
403
822
885
106
925
66
434
343
146
164
250
834
608
783
150
233
31
342
308
222
598
762
778
256
267
689
61
239
732
401
654
747
734
974
798
438
358
273
349
737
552
264
870
614
332
255
904
178
17
650
505
443
916
841
769
311
786
209
900
950
39
317
739
829
306
663
659
3
862
431
537
605
79
317
713
677
861
109
482
145
401
380
519
334
78
119
864
290
559
659
634
307
279
815
224
934
781
15
251
697
776
148
666
322
79
879
176
291
857
58
793
874
541
994
913
832
911
96
514
403
299
969
926
855
33
182
472
632
686
627
385
345
92
11
570
92
216
888
928
450
902
168
689
883
828
655
242
538
40
555
971
319
96
841
273
232
114
944
734
496
72
848
137
366
56
853
415
672
440
799
628
758
619
405
270
706
535
127
588
408
767
422
856
487
628
162
620
286
60
32
355
128
886
588
469
637
980
191
935
494
73
699
739
338
383
101
616
724
987
587
992
719
125
809
1
504
67
255
81
375
800
180
650
54
414
448
356
908
823
375
753
870
607
162
666
104
868
116
236
847
620
874
93
841
989
167
633
98
714
457
941
607
769
499
666
419
225
402
778
327
999
930
320
30
9
824
744
666
790
895
300
587
984
457
17
895
948
918
744
484
157
591
569
151
466
115
737
675
397
247
769
175
19
986
857
628
944
851
167
936
375
697
778
63
78
774
614
990
891
599
346
857
277
802
162
529
453
229
833
393
977
718
492
698
647
538
602
386
744
430
955
186
708
282
711
303
187
873
666
468
550
313
384
341
49
487
29
493
416
291
96
950
188
865
309
76
828
193
829
694
631
672
559
83
765
799
263
574
729
217
441
573
862
765
600
407
956
296
496
551
909
913
332
431
286
588
947
440
189
738
417
240
26
800
360
994
65
672
881
313
667
806
420
492
764
415
288
493
230
263
345
165
640
922
190
144
680
4
817
577
363
879
825
520
514
888
883
222
536
729
848
719
271
264
993
561
824
147
167
884
969
997
47
816
458
666
247
130
386
304
867
613
163
365
853
575
765
213
769
638
318
694
617
833
495
73
786
87
240
237
749
289
212
366
535
765
579
223
643
124
591
877
827
217
853
450
356
884
785
683
898
477
573
779
989
288
254
893
248
469
153
647
350
893
604
348
385
68
290
59
778
576
766
991
625
379
881
392
460
384
132
241
498
634
929
105
239
918
267
253
537
768
975
365
86
56
970
662
273
319
403
979
491
550
926
231
72
866
586
55
832
573
326
838
988
863
170
821
432
265
135
45
237
477
552
502
444
90
347
133
926
806
796
733
811
960
433
222
230
138
790
268
885
993
986
589
939
310
104
978
372
799
175
383
309
393
234
771
742
278
862
17
908
319
42
448
951
780
330
592
851
571
299
365
930
512
319
774
913
751
120
28
761
187
793
495
413
993
398
569
113
191
336
402
399
427
158
468
530
90
156
810
421
990
996
112
620
975
666
271
987
449
912
52
684
350
557
596
670
446
678
168
200
42
824
405
109
70
472
839
943
332
745
950
601
643
567
909
497
817
557
685
856
817
994
960
811
265
443
68
715
708
530
580
804
420
235
966
5
507
745
358
815
165
958
594
512
445
900
154
173
354
244
398
28
110
768
22
64
463
993
100
764
417
776
175
195
72
973
244
587
297
411
733
837
840
325
683
942
3
382
172
559
466
924
719
941
794
736
743
825
428
65
584
28
97
599
958
41
83
919
642
640
636
634
178
294
356
465
616
76
696
496
480
53
884
769
4
228
90
480
688
642
983
99
755
540
507
462
858
136
569
936
540
663
649
895
911
466
731
837
979
617
678
823
854
117
213
800
832
447
223
34
375
937
491
403
596
47
139
29
41
338
657
432
418
475
929
734
860
375
726
355
680
594
328
83
369
298
884
314
851
375
897
648
798
589
520
400
406
426
884
714
609
643
860
953
5
128
778
939
601
107
323
525
403
881
747
905
883
151
413
153
676
151
27
65
510
466
862
155
485
636
852
752
458
823
400
173
780
148
261
816
973
672
745
647
283
23
424
12
842
217
617
25
501
852
690
997
603
342
197
964
708
116
828
70
313
92
59
952
655
379
746
350
964
134
348
981
783
26
23
90
32
490
896
64
246
398
741
990
747
209
666
805
860
399
480
384
507
903
668
115
747
855
182
275
45
121
441
604
288
406
136
642
228
695
747
429
521
374
290
732
200
803
827
945
905
400
22
144
352
911
245
301
111
554
296
817
492
213
315
810
425
389
851
498
752
942
557
936
364
458
715
456
251
673
133
11
180
523
444
285
374
851
27
335
730
800
598
48
119
11
353
512
577
963
383
973
445
400
383
318
565
741
141
231
27
947
45
364
400
568
968
847
538
58
769
854
66
366
386
397
296
857
529
16
531
474
422
582
457
734
645
69
813
382
731
100
225
984
647
848
729
614
19
143
310
93
528
352
339
206
194
631
804
676
618
513
290
202
301
800
506
308
424
372
944
784
370
486
236
213
780
980
870
535
10
975
338
841
470
648
389
873
179
527
64
789
982
288
11
867
893
192
344
5
357
909
118
980
718
957
51
357
41
722
938
999
649
921
499
318
29
945
430
852
74
232
622
519
861
683
513
355
615
967
514
274
416
272
932
644
314
37
708
48
471
645
14
738
845
573
476
193
589
479
230
907
720
266
343
626
674
106
134
349
80
661
617
375
230
510
151
787
383
431
301
267
543
844
620
836
484
870
625
524
864
544
613
67
138
580
137
159
736
577
641
910
450
410
482
235
832
513
875
549
494
418
900
811
82
777
334
800
933
159
416
151
897
427
259
764
86
327
756
580
657
606
114
678
937
33
978
504
410
12
593
886
698
985
319
368
370
781
900
452
905
104
493
578
669
272
653
805
327
617
751
365
700
931
765
721
353
451
973
282
730
628
638
188
590
813
839
25
195
12
63
320
416
762
521
197
147
329
655
651
955
436
563
253
362
980
488
793
688
906
339
944
298
468
226
796
993
624
348
998
28
554
672
460
9
950
677
246
528
884
821
968
987
767
60
275
935
9
873
300
109
559
688
917
673
772
349
611
880
925
184
550
500
695
22
74
473
946
135
6
327
619
857
585
53
239
156
947
837
221
128
123
527
400
688
812
28
780
748
517
967
169
212
122
842
339
45
428
26
337
35
950
991
515
832
600
856
958
261
638
395
673
425
313
556
850
392
706
262
851
584
10
709
30
318
806
555
536
871
258
114
504
856
54
516
710
204
219
289
173
434
242
900
722
779
597
107
729
460
734
487
183
780
96
634
421
897
325
313
144
496
266
612
659
334
63
876
308
194
7
841
128
619
344
181
532
391
45
550
411
947
50
332
365
644
690
220
732
741
857
986
909
193
740
961
741
617
981
6
500
375
485
122
168
941
862
576
444
401
369
916
68
847
523
65
518
110
158
10
744
526
633
17
893
693
482
22
38
96
660
314
775
559
254
741
712
343
631
643
724
72
572
711
963
643
703
465
782
85
844
111
335
350
61
89
543
508
756
14
128
957
714
735
51
902
537
752
35
687
781
66
463
673
652
586
200
51
865
929
215
569
701
486
681
429
406
318
422
699
787
994
17
2
920
326
744
833
829
720
285
458
312
356
719
365
121
328
830
960
160
578
263
183
652
776
138
248
335
602
976
874
821
529
711
815
116
338
56
389
10
471
99
721
740
855
555
329
599
385
870
9
199
11
505
695
853
636
939
729
707
192
123
449
492
919
808
662
509
975
691
951
226
776
530
125
876
328
511
599
438
922
955
113
327
371
478
684
607
149
733
567
513
84
226
395
600
926
827
163
618
901
497
647
343
10
590
928
643
392
675
869
760
999
291
775
538
99
933
114
820
75
721
500
778
179
857
705
280
543
927
341
899
628
346
949
512
849
907
281
680
791
284
706
797
189
852
711
432
371
313
892
868
209
448
637
242
822
685
657
731
931
260
319
850
628
931
446
871
142
397
753
529
665
410
78
485
235
202
592
645
939
255
80
690
535
193
113
617
845
573
338
974
473
471
444
142
122
790
123
234
432
772
102
346
547
993
526
676
177
751
931
257
612
92
59
973
145
329
558
818
379
87
55
397
388
437
423
85
851
846
782
576
20
544
592
745
191
960
381
952
808
764
840
436
501
77
225
94
578
238
368
13
719
715
788
530
311
146
678
93
951
685
825
296
750
306
827
38
115
843
812
979
133
363
690
140
440
124
430
55
971
419
205
69
671
188
312
792
566
270
425
985
572
80
78
417
226
459
359
528
152
432
373
434
614
847
760
815
492
134
588
681
57
565
465
776
792
955
741
151
475
230
31
823
240
987
293
421
193
990
708
278
775
603
416
490
885
29
575
233
57
480
888
649
495
965
920
690
219
578
50
592
951
919
63
737
498
949
746
519
918
252
997
853
423
538
581
152
436
673
693
802
334
916
55
941
582
190
937
517
189
565
826
769
293
425
190
650
384
280
728
159
858
455
79
631
507
631
683
592
225
536
846
914
371
816
929
224
731
734
500
396
193
187
332
683
731
822
80
680
434
234
775
715
585
175
470
717
748
180
62
102
440
665
7
626
44
876
828
916
802
213
618
788
360
753
609
27
982
139
740
158
588
734
704
701
956
976
85
157
960
918
624
68
100
468
676
756
214
293
65
459
141
245
715
676
761
533
823
811
846
33
841
6
645
218
711
455
251
369
157
876
768
445
98
207
210
290
921
137
173
292
339
539
158
34
712
386
116
382
630
520
479
898
789
386
638
250
849
633
950
119
682
165
599
801
31
594
590
21
682
69
572
454
549
835
162
258
962
407
293
483
14
890
537
927
444
914
723
144
309
42
319
497
363
624
756
31
699
430
290
475
154
395
164
128
929
276
277
427
975
680
28
224
770
534
187
198
846
730
115
52
280
890
167
282
229
175
62
910
297
840
244
595
732
672
199
470
676
935
129
275
878
364
542
955
992
969
474
765
320
250
575
958
786
284
605
224
706
47
295
637
435
358
778
213
407
10
252
726
364
1000
390
339
526
284
643
509
781
181
519
185
594
287
808
86
630
590
654
661
104
998
895
62
193
582
599
180
184
711
444
20
672
484
548
106
426
123
584
417
284
670
665
214
360
308
132
208
650
387
454
480
656
418
970
613
515
541
881
915
474
435
84
621
76
341
564
994
96
450
983
272
386
944
892
575
950
461
968
47
413
38
418
248
716
409
660
132
107
292
998
396
953
465
631
837
21
166
801
313
335
764
646
247
179
22
852
644
36
930
86
796
963
206
175
156
781
689
132
585
194
874
98
464
809
134
692
906
832
687
994
276
262
982
374
820
632
337
204
577
140
470
801
949
559
981
386
941
30
922
480
313
534
796
260
91
503
865
203
508
910
467
912
609
323
866
288
747
909
564
139
552
693
966
272
926
713
624
140
605
849
586
286
787
987
783
217
902
193
935
267
563
570
686
71
615
904
524
190
466
805
296
332
267
525
133
297
189
142
169
429
196
826
722
874
407
112
200
571
727
193
856
729
956
114
28
72
492
671
349
44
306
929
174
792
778
758
750
544
388
10
354
580
12
326
664
205
355
649
672
710
32
676
425
625
517
782
409
295
203
644
623
955
614
600
882
589
44
194
164
392
309
642
94
904
448
658
842
783
7
124
360
512
581
95
333
944
172
765
35
5
918
202
718
595
922
709
921
199
553
547
383
895
142
634
336
990
467
878
436
890
694
823
695
381
737
640
452
825
863
382
174
863
853
583
613
873
306
884
567
12
508
375
32
180
486
274
254
421
425
27
625
932
831
350
478
342
118
838
560
625
139
264
972
48
49
19
257
626
276
621
455
405
569
115
846
801
730
862
35
600
721
160
565
914
480
5
948
104
442
599
229
864
12
787
293
108
362
707
386
890
283
664
395
571
205
348
884
995
931
138
528
460
291
44
792
282
535
251
847
301
434
189
111
131
365
552
260
106
315
604
36
819
719
550
801
551
734
153
883
174
325
809
897
996
41
726
583
405
851
388
725
439
244
349
838
211
15
468
257
418
355
285
703
985
618
445
97
424
156
761
543
179
132
519
980
499
142
800
356
494
603
747
535
328
944
674
765
590
486
278
53
662
187
650
615
388
560
764
764
153
723
148
375
959
516
841
682
919
493
503
273
366
475
259
741
841
401
188
432
130
970
768
338
680
195
597
849
615
701
116
813
313
192
52
850
838
6
750
873
401
514
177
291
474
601
232
265
42
621
224
302
519
859
597
411
852
420
965
359
885
944
8
360
491
419
945
240
344
900
535
886
161
769
54
685
167
521
280
638
912
441
627
122
664
230
764
904
763
918
157
984
779
492
753
918
893
858
336
276
462
482
121
461
763
241
703
911
645
277
110
242
432
155
692
158
585
284
357
103
521
283
227
868
193
918
909
767
727
332
253
911
699
15
897
392
345
458
749
958
228
56
32
107
397
871
474
151
170
921
538
102
148
569
554
449
153
903
584
802
113
938
10
973
855
620
537
1
846
287
901
976
241
123
202
518
886
116
849
768
988
882
319
998
244
20
520
598
297
33
501
89
20
49
572
183
204
516
615
567
446
538
844
991
145
376
698
123
67
310
749
905
985
217
6
328
70
431
137
572
571
79
507
351
501
401
818
452
48
275
906
173
444
52
515
66
784
758
518
200
798
865
