762
503
872
461
946
913
766
562
128
939
493
383
118
730
463
559
881
443
174
788
431
464
322
369
190
95
373
876
416
199
321
714
413
890
241
346
677
976
855
323
549
794
497
710
664
285
728
199
6
817
340
116
146
92
607
853
521
987
829
402
529
219
188
202
349
910
362
828
585
208
458
963
432
966
330
50
3
782
457
771
704
575
534
512
164
623
299
763
168
876
488
374
96
106
622
325
52
108
894
522
304
499
40
197
903
963
146
471
974
686
457
92
287
739
753
714
422
977
981
531
889
661
217
685
955
46
307
227
839
720
60
823
435
181
699
691
740
665
634
726
181
773
329
857
65
220
925
478
192
403
810
271
748
570
238
372
168
235
790
744
800
16
896
544
143
139
134
793
938
968
559
789
115
871
311
56
57
486
420
891
79
906
974
132
264
528
481
906
257
291
541
873
475
800
96
702
351
675
607
892
659
798
298
365
128
637
462
814
39
886
361
144
412
147
492
148
267
382
966
489
285
871
924
199
98
416
918
724
715
969
731
413
776
590
70
242
484
538
795
307
854
853
745
967
403
762
63
443
481
111
921
847
35
165
395
62
392
756
803
969
514
315
766
553
942
871
778
426
806
693
928
841
482
626
498
231
389
333
410
407
166
791
344
346
746
931
644
511
450
622
883
543
907
523
568
924
211
79
804
729
175
399
779
221
863
459
934
502
826
565
612
367
321
704
409
463
743
456
40
229
63
608
614
262
331
751
776
641
674
947
988
250
536
608
721
781
563
898
4
282
474
785
7
944
331
18
527
937
576
745
581
521
513
889
332
524
652
812
862
974
816
800
724
921
255
152
109
63
437
880
731
27
972
886
706
305
889
79
711
443
945
285
889
619
103
983
385
848
524
165
26
847
721
574
4
68
591
442
294
301
833
959
476
505
465
793
340
233
737
681
698
258
351
842
965
506
388
254
722
390
915
522
955
563
868
916
237
290
327
705
664
103
102
458
435
487
969
831
333
11
70
870
852
428
963
497
94
395
727
473
599
419
298
654
213
101
982
330
259
194
94
384
770
766
360
288
432
315
470
722
194
262
58
66
13
665
786
965
39
769
91
964
505
543
266
235
601
350
22
560
510
746
129
562
628
349
797
90
528
645
134
270
457
736
864
459
849
252
940
622
368
703
305
458
46
453
488
864
225
984
532
391
154
596
91
780
17
276
27
615
660
4
322
372
966
997
640
150
824
97
560
780
245
695
185
922
529
689
173
419
674
396
992
919
346
639
666
431
884
979
32
201
524
214
661
352
542
240
526
849
997
250
358
819
194
917
655
546
755
4
481
922
711
855
11
260
246
631
973
163
659
136
10
139
913
858
426
101
503
262
192
945
641
413
52
229
228
30
299
236
736
962
761
448
831
876
956
802
186
278
17
171
921
115
897
535
51
109
117
860
16
560
821
388
867
857
623
616
514
978
947
28
113
802
661
368
441
823
130
654
891
339
861
723
650
916
623
317
77
76
727
693
920
392
587
336
41
391
910
982
977
389
74
658
122
250
186
341
230
698
696
766
363
419
270
777
672
354
922
564
655
665
487
747
183
925
140
96
728
440
239
219
215
655
863
126
975
322
836
852
654
160
606
736
38
602
305
828
146
445
845
865
917
916
692
437
875
314
184
685
264
88
406
708
897
571
84
533
941
413
143
283
513
835
594
192
287
546
433
436
469
937
76
861
225
622
231
266
37
889
207
968
568
351
500
947
425
367
210
947
471
366
582
549
722
960
521
217
149
857
513
702
229
441
113
160
604
296
494
142
161
354
94
3
702
213
917
877
678
60
64
530
18
925
628
342
468
923
580
243
506
136
55
470
651
911
554
829
642
740
252
974
25
369
21
757
507
342
951
852
796
60
464
444
774
798
137
187
624
316
263
732
823
20
862
618
828
429
564
382
886
682
493
76
535
371
959
558
392
534
728
938
717
843
197
571
774
661
599
256
17
758
256
996
330
298
218
542
302
955
421
627
705
732
542
84
158
561
859
805
311
645
797
29
23
154
432
891
125
690
482
721
164
43
517
301
789
948
148
488
766
900
199
57
661
463
338
228
760
845
139
24
775
997
522
591
697
742
623
924
536
305
475
225
670
169
466
190
199
712
572
727
272
674
147
34
94
617
566
747
436
903
251
468
54
339
441
450
151
424
323
599
68
449
197
928
787
826
716
880
378
816
244
11
839
671
831
592
227
977
574
337
939
948
143
476
955
239
501
84
197
776
150
249
837
752
901
133
60
338
237
136
747
976
880
761
929
908
581
744
689
764
450
589
522
38
814
484
679
51
220
346
14
780
897
249
730
248
767
587
462
127
482
79
494
713
599
27
739
141
600
321
945
884
754
498
858
246
514
712
193
762
206
829
703
799
574
545
654
716
124
60
439
959
61
365
401
321
383
848
242
190
531
515
567
360
319
766
151
670
286
857
574
667
893
212
209
67
29
457
937
462
580
36
314
457
341
475
786
366
410
194
402
787
441
863
227
559
624
42
164
241
771
787
198
287
240
789
417
37
6
361
883
163
43
372
336
573
428
26
582
674
118
911
351
175
165
295
36
700
904
365
852
941
704
573
361
687
717
991
632
282
847
158
493
396
94
904
418
678
182
736
981
107
403
368
290
919
7
655
914
36
20
362
808
958
27
188
268
135
823
225
189
732
847
477
631
130
437
614
92
524
993
991
930
230
673
531
899
72
469
113
944
895
387
618
204
617
261
837
649
428
922
279
363
854
458
343
951
744
100
858
990
817
180
325
709
547
983
181
823
670
63
595
83
676
742
51
759
896
931
116
40
175
575
583
482
763
530
695
438
308
484
872
965
389
134
83
240
639
318
120
17
643
305
832
20
463
142
191
920
886
196
543
956
517
394
702
458
139
935
510
479
82
317
649
406
311
47
840
76
105
645
358
785
28
577
562
289
93
820
969
834
109
737
296
374
135
941
541
438
882
894
436
773
179
639
711
777
19
819
468
920
525
449
266
910
893
925
100
299
983
296
496
307
597
114
389
771
947
322
801
755
102
172
259
119
935
395
715
486
855
462
496
46
259
16
597
506
508
251
724
730
627
160
386
589
378
388
602
452
228
60
375
421
475
489
166
433
495
304
128
21
884
889
474
615
908
14
301
566
263
791
994
687
591
914
109
355
53
62
476
670
31
646
54
742
163
619
90
749
326
681
669
856
456
824
752
198
562
722
199
266
666
268
296
276
507
474
449
131
77
646
253
403
671
489
289
234
3
68
11
783
845
880
990
541
709
867
879
551
216
746
249
846
976
456
59
733
192
68
741
282
812
42
45
529
350
344
500
909
554
4
522
910
600
518
552
724
677
226
259
184
638
641
92
530
860
748
477
935
154
112
841
160
112
44
184
761
355
816
629
140
578
441
290
296
437
123
205
145
744
614
128
81
616
97
534
385
133
762
839
599
683
758
505
700
426
104
431
458
467
272
207
479
391
873
11
110
483
53
751
59
43
38
39
281
167
766
396
768
146
26
427
411
429
942
19
973
389
803
943
93
714
365
377
652
416
122
357
140
731
443
367
194
153
226
658
646
710
491
250
489
543
261
346
646
745
300
562
223
614
518
135
101
15
805
888
278
590
299
555
751
577
364
929
462
402
979
411
104
322
734
697
759
797
393
130
284
622
755
854
517
370
994
304
55
353
358
762
769
902
899
343
19
175
804
165
656
358
28
672
341
457
910
801
697
676
257
958
441
439
471
96
535
856
734
653
897
328
90
782
390
409
744
31
50
169
737
444
188
420
762
585
538
39
610
645
898
955
669
974
233
723
965
949
236
996
314
941
991
245
16
888
781
555
490
941
449
852
92
55
460
697
160
279
153
445
364
493
515
432
553
902
118
691
985
472
999
572
587
865
306
3
56
59
600
992
858
676
931
243
483
191
794
956
391
745
28
774
340
973
29
982
208
495
724
586
593
895
768
479
140
619
55
991
693
679
968
545
362
924
82
874
476
569
843
138
550
57
856
563
600
374
338
889
17
646
322
463
132
598
334
646
415
295
50
565
37
925
852
544
564
87
566
110
383
668
355
967
117
871
544
772
603
616
707
283
481
949
758
788
946
783
524
582
324
135
943
238
155
804
235
360
412
334
705
297
390
753
675
455
799
332
501
298
257
638
651
430
153
405
681
758
430
888
548
513
974
80
836
421
42
599
625
710
124
153
417
915
262
612
616
953
378
460
127
195
465
148
536
551
927
369
795
903
707
936
812
802
452
867
336
877
832
22
164
207
951
36
971
941
5
143
655
189
867
605
809
435
531
14
661
44
533
880
601
690
1
496
186
170
197
460
348
866
812
709
337
940
370
375
38
185
905
428
320
738
473
588
44
526
261
70
411
943
720
457
765
71
711
495
142
189
1000
282
713
82
262
25
290
889
871
95
989
230
154
211
739
806
157
501
454
34
821
594
81
647
51
480
894
725
393
764
240
690
776
814
872
391
428
525
935
311
541
440
17
956
820
873
756
927
16
306
517
346
899
263
814
525
690
433
577
668
370
17
851
578
181
21
94
16
708
67
439
685
876
681
125
308
581
709
936
961
329
710
355
862
305
368
347
153
887
568
277
528
462
788
911
498
145
687
700
180
148
303
40
607
205
67
351
28
995
366
637
558
628
436
718
340
221
410
204
147
149
147
166
846
136
842
217
687
929
650
799
185
555
756
577
939
916
504
273
122
45
566
805
664
494
230
436
792
228
191
415
823
111
444
642
935
538
243
126
159
286
487
722
460
302
225
773
697
364
235
655
537
234
873
546
243
881
550
448
863
481
786
452
540
32
521
437
923
449
773
672
216
3
382
471
917
357
767
955
750
156
208
963
143
35
20
881
537
167
592
976
499
401
47
36
834
905
571
1
740
559
624
453
238
432
698
420
176
644
857
246
581
131
703
645
16
162
91
968
98
164
147
672
11
904
4
684
291
24
781
383
740
123
563
310
804
798
996
724
896
948
147
473
422
768
209
849
681
932
201
975
556
28
978
438
999
304
50
31
600
435
194
470
247
318
652
430
990
636
330
350
527
913
865
807
495
988
657
783
786
370
456
939
503
730
52
16
312
25
658
815
545
939
390
85
596
484
445
328
275
484
460
455
645
410
371
271
189
732
141
877
567
962
437
736
933
735
735
236
591
622
428
419
277
183
178
950
274
73
818
595
21
690
73
816
797
188
201
448
925
557
114
318
834
501
486
65
470
966
562
728
847
287
814
288
141
782
39
862
173
677
398
743
328
230
410
760
61
681
35
945
436
833
940
688
705
934
601
802
769
732
727
536
70
339
49
410
589
388
329
652
450
535
392
593
3
445
725
929
750
755
26
437
710
847
456
969
364
434
241
574
12
562
862
445
503
642
909
109
923
344
615
17
674
883
204
864
140
122
906
878
568
336
695
396
14
374
340
123
344
825
697
529
286
389
297
300
881
715
516
87
646
670
401
129
936
612
529
670
348
268
375
124
221
870
62
410
487
254
23
896
900
738
939
887
892
464
812
10
984
205
704
633
29
764
243
621
385
958
932
254
763
494
486
359
865
502
552
599
263
745
393
103
501
806
224
36
128
920
624
1
651
362
119
583
134
187
184
87
767
925
96
628
238
903
617
20
530
583
674
222
359
697
861
354
397
721
298
778
10
654
371
814
600
908
839
352
474
723
49
977
138
433
791
714
922
375
728
948
711
57
372
432
725
466
26
141
987
473
363
555
83
253
777
70
652
629
247
454
198
638
762
781
763
63
808
31
617
591
937
840
857
324
962
310
229
832
160
167
74
70
141
680
698
907
79
174
60
630
125
56
559
7
583
43
63
266
254
163
289
929
699
975
431
615
794
457
820
411
532
291
190
326
338
965
874
206
476
420
971
118
581
829
480
316
105
850
2
230
211
921
328
403
722
649
369
615
514
859
378
690
321
824
255
984
160
626
163
518
263
307
145
278
918
793
138
775
998
287
777
936
88
21
537
225
306
474
271
739
838
566
540
40
78
360
69
562
152
542
220
570
390
180
445
864
444
146
284
84
409
554
663
608
460
54
732
21
267
675
851
760
828
825
26
945
843
642
107
550
758
744
499
849
482
658
305
777
530
999
683
494
518
943
685
115
249
609
889
525
5
895
977
456
125
88
165
346
556
944
383
620
400
65
30
524
519
797
432
86
22
820
828
136
160
29
112
652
213
75
627
158
236
205
305
785
947
272
26
835
170
294
751
989
752
624
248
739
616
728
133
659
541
6
239
126
247
194
742
240
530
916
516
88
275
922
385
844
116
958
896
361
948
204
993
262
273
985
248
333
210
476
509
692
588
759
8
775
945
400
222
948
451
677
59
907
749
327
451
304
987
160
956
805
925
358
159
482
116
33
931
343
155
230
374
700
586
334
306
148
154
418
136
856
100
738
367
509
287
286
932
147
574
634
993
167
29
49
984
59
851
96
891
882
389
750
556
335
661
867
157
139
128
627
917
821
233
290
854
17
319
745
769
410
176
793
598
152
18
181
758
630
942
60
686
520
244
373
718
776
311
103
927
460
110
727
565
761
497
397
18
781
579
638
873
919
291
25
961
353
516
848
540
761
76
677
475
92
443
253
426
954
635
794
881
811
421
911
881
849
768
666
872
418
750
272
847
192
737
903
448
535
516
590
936
791
61
896
732
643
93
870
827
446
678
667
965
115
762
518
614
247
263
799
98
773
567
406
69
630
316
213
505
436
638
559
658
228
514
847
620
595
867
467
618
917
635
933
605
799
797
873
886
782
865
628
529
191
197
447
231
908
724
265
309
117
45
269
507
512
538
640
486
514
112
570
478
434
729
275
714
91
243
813
355
21
834
287
6
529
386
927
451
560
747
28
741
193
572
820
595
945
568
72
364
160
190
747
738
305
497
232
858
569
584
222
668
641
435
227
506
125
912
306
123
428
287
920
531
677
618
750
762
399
634
134
32
777
804
331
47
209
417
308
456
60
12
497
494
218
790
683
470
880
449
298
58
886
765
223
503
657
253
613
749
258
159
763
656
897
229
197
224
622
698
411
964
841
166
876
799
682
453
582
968
231
213
479
129
183
857
217
736
886
629
960
510
805
305
314
942
545
389
636
40
8
832
503
962
122
25
860
663
683
73
682
998
392
242
364
836
985
557
392
925
473
584
823
698
255
963
566
681
129
264
695
720
63
813
609
686
640
739
762
957
221
974
426
668
524
366
59
259
874
759
343
40
802
398
778
58
142
262
67
283
573
8
410
164
571
914
618
933
167
523
271
1
678
875
614
527
830
970
894
845
294
353
421
238
527
131
748
540
682
528
999
313
852
699
396
396
566
586
508
542
26
957
576
761
964
326
642
842
382
832
866
149
794
986
208
332
970
535
761
831
330
297
880
450
510
67
226
94
807
360
458
970
985
9
607
977
464
6
295
148
400
162
282
335
818
504
967
126
124
78
939
698
210
795
101
878
205
716
752
173
383
612
331
927
751
643
179
946
166
581
669
729
679
487
221
465
433
373
112
803
228
658
430
551
225
153
879
831
548
507
592
267
69
227
238
337
807
172
878
676
319
744
124
401
102
385
936
292
764
658
49
849
809
383
46
712
686
845
174
842
7
258
816
873
964
543
121
330
349
153
460
215
956
925
21
335
294
903
148
48
669
51
522
232
516
872
54
630
224
766
481
485
177
49
755
682
435
707
244
96
276
296
296
234
584
650
299
125
151
846
946
367
482
192
510
253
539
453
656
630
744
421
604
544
549
275
697
974
603
549
586
193
516
333
447
509
683
764
658
817
601
876
317
755
28
721
582
693
981
413
401
156
607
66
658
809
379
457
248
581
762
290
475
376
70
261
488
107
864
995
96
94
580
878
847
995
823
127
539
413
844
663
245
982
808
700
559
926
112
379
810
988
94
36
712
630
784
823
847
630
410
129
980
501
551
720
697
302
710
52
934
848
281
580
201
673
195
905
893
411
164
902
930
974
118
560
559
552
222
516
625
184
35
786
624
695
334
386
740
484
218
506
349
672
515
283
741
244
327
710
591
631
245
301
529
251
602
859
120
416
402
685
120
888
215
885
28
989
473
734
322
867
393
433
894
514
747
489
213
321
48
265
685
848
732
73
833
470
811
146
987
228
627
22
986
756
466
578
797
605
241
66
132
380
937
825
948
18
331
162
729
143
783
169
815
855
811
517
647
596
386
846
232
504
38
823
936
620
612
375
507
369
63
749
45
64
152
202
69
107
951
850
585
51
414
380
102
62
4
891
483
421
611
125
942
593
677
117
18
288
439
898
353
230
79
492
145
696
521
685
539
401
590
188
120
71
877
734
807
313
776
511
806
11
117
901
662
403
63
854
585
526
423
48
885
703
771
168
795
797
71
947
882
974
24
577
515
667
869
384
239
325
401
361
661
290
330
479
552
501
580
50
139
937
843
240
269
850
981
108
257
298
801
8
547
995
863
942
988
239
950
514
545
615
492
777
366
633
339
358
150
845
131
502
814
243
439
611
241
632
96
540
104
565
30
163
940
898
931
279
847
83
565
161
386
320
522
465
722
577
463
91
449
64
855
966
182
785
46
722
927
843
828
473
533
545
269
913
482
392
877
536
284
515
193
429
828
944
609
130
431
581
830
841
737
873
704
991
475
341
173
885
638
379
695
147
556
301
475
34
917
660
388
411
631
201
186
797
246
357
570
793
422
406
240
643
637
603
356
479
391
93
531
966
441
824
44
59
382
920
524
742
721
397
365
683
125
630
561
916
846
8
592
813
489
293
692
192
721
724
485
269
395
784
530
411
415
739
204
377
302
7
802
333
32
34
909
862
153
126
348
544
726
694
432
997
735
660
407
691
117
646
271
336
626
47
458
441
543
525
710
337
341
888
632
21
767
808
228
5
641
455
403
56
11
882
154
997
926
415
309
560
655
914
688
353
275
609
153
449
816
154
812
347
333
210
861
714
215
935
799
572
948
15
791
681
373
616
709
972
228
335
439
816
330
972
781
666
656
108
442
951
70
590
68
837
102
349
617
49
212
128
959
32
590
450
939
605
588
156
406
874
964
967
269
768
772
726
843
60
951
638
382
660
725
826
728
306
528
230
811
308
424
494
753
513
12
410
567
245
639
510
98
225
949
789
290
407
731
663
613
667
421
487
362
54
380
758
633
886
294
378
340
257
592
256
166
576
199
59
636
456
867
204
124
768
109
911
296
585
393
916
389
892
460
309
849
843
998
938
515
341
78
483
298
739
144
162
702
402
790
468
30
439
508
252
378
102
623
787
783
732
533
944
948
347
375
612
175
185
370
435
816
987
906
717
537
761
167
813
188
666
349
354
69
376
137
463
598
38
15
774
798
963
457
541
854
971
652
915
612
816
988
535
380
21
196
420
413
434
469
501
877
127
160
845
26
313
569
823
515
60
708
653
235
974
636
704
62
742
377
227
932
524
613
586
547
927
397
784
739
19
795
99
231
897
74
708
855
632
524
883
233
498
94
902
283
174
879
575
232
393
802
717
582
557
572
374
980
923
599
568
720
872
55
544
367
95
228
144
248
968
603
957
538
170
15
989
845
787
631
971
115
230
977
967
508
753
261
699
850
332
717
632
361
40
691
624
116
326
321
265
774
176
724
92
943
213
878
186
302
683
614
607
812
93
707
198
491
754
466
610
657
194
7
985
634
473
921
961
524
799
626
366
304
728
759
231
726
599
795
132
484
530
679
783
127
742
105
874
716
146
334
594
440
479
527
232
866
516
762
762
989
418
170
195
827
78
541
718
56
514
613
874
835
187
453
556
724
602
399
650
718
111
715
435
1000
986
58
325
153
774
774
205
610
473
894
751
497
93
90
743
338
516
978
409
314
575
235
824
665
403
875
471
263
471
610
553
971
149
227
68
515
289
970
482
700
517
934
895
329
799
119
514
747
203
996
512
845
87
409
862
610
108
169
3
115
149
570
557
398
972
136
281
150
160
370
927
421
831
247
47
566
116
35
293
345
567
504
477
951
235
32
812
824
207
886
397
484
936
440
852
836
359
787
665
772
441
22
373
926
918
139
848
228
328
210
432
33
947
733
786
663
246
308
272
366
618
860
758
561
656
397
974
293
921
189
439
754
669
238
357
634
235
254
32
596
234
429
43
139
695
633
579
853
754
940
531
610
951
356
716
510
101
5
235
382
722
748
873
907
115
172
480
606
833
330
810
329
932
927
78
417
989
818
576
259
860
832
748
4
458
724
439
380
553
329
130
107
947
358
643
47
142
965
337
550
400
536
462
678
487
327
172
247
346
701
702
663
196
516
99
594
211
916
489
538
553
325
448
635
877
363
242
221
719
958
1
508
221
554
841
562
512
706
244
634
802
248
28
781
287
994
176
855
825
363
212
432
379
468
114
351
277
151
518
205
71
679
297
246
335
954
144
319
420
274
904
433
864
548
327
961
482
497
703
882
364
766
44
322
889
382
981
743
484
151
976
656
775
955
872
149
941
345
597
466
302
30
211
946
814
385
623
982
586
155
691
438
367
72
951
497
19
210
347
781
657
430
863
972
328
504
141
602
820
365
744
818
370
217
617
681
558
733
708
767
555
687
483
371
877
618
70
76
773
512
212
666
681
840
617
12
43
696
339
941
681
102
711
97
388
816
323
746
508
234
982
598
785
197
657
432
287
492
567
431
684
147
854
655
581
888
43
583
578
112
496
41
435
87
900
146
681
685
857
822
832
267
324
127
791
545
646
82
644
563
730
604
429
94
61
924
113
39
293
339
592
627
184
625
418
780
662
974
327
610
156
50
84
452
585
16
263
859
905
968
49
309
95
571
468
905
615
419
611
773
321
338
452
160
618
250
236
485
617
116
623
724
965
660
548
902
837
227
117
794
20
933
704
312
556
914
24
586
86
147
877
960
913
60
158
501
102
110
903
771
801
563
434
519
519
712
569
645
494
852
534
353
647
251
925
687
528
680
264
120
967
871
275
992
982
866
48
406
213
526
212
310
670
891
755
719
509
774
916
763
110
955
601
849
959
80
776
286
70
742
278
344
516
501
252
788
700
195
954
848
813
596
218
341
25
435
979
979
203
851
852
38
176
873
381
11
917
320
682
357
406
965
994
53
131
855
601
972
457
954
517
149
192
438
843
740
964
780
661
344
364
209
453
821
241
155
869
817
726
467
128
768
170
627
125
677
321
980
323
381
881
653
731
185
778
408
811
362
354
456
986
466
512
927
151
32
125
849
376
926
489
223
846
441
645
859
220
268
302
646
194
84
37
407
451
194
229
701
215
125
623
558
73
487
154
198
412
681
318
860
670
87
491
908
699
419
611
584
942
99
639
286
445
14
314
683
12
948
958
764
983
855
62
538
100
592
167
78
958
886
666
197
169
70
932
333
326
418
456
131
374
878
826
652
161
254
898
271
23
857
836
757
689
347
566
722
358
645
502
717
904
335
447
932
561
29
33
839
313
169
907
725
417
645
886
344
248
349
398
645
981
672
848
166
702
947
916
355
961
63
927
632
963
270
517
393
607
370
452
475
797
702
130
774
289
824
480
503
295
439
203
373
937
780
530
579
177
760
502
876
125
798
605
525
575
451
441
870
635
489
699
314
116
865
709
296
550
739
337
368
169
61
566
610
160
483
666
428
594
792
469
920
524
593
696
50
303
292
39
215
102
968
295
129
780
50
49
613
81
11
136
480
22
561
6
335
95
879
290
566
288
928
503
15
205
463
17
71
821
570
381
662
613
730
197
134
454
408
885
781
429
599
69
975
386
895
903
510
705
191
555
532
982
440
645
807
958
348
756
8
394
143
778
378
949
453
236
647
955
419
546
386
342
521
674
187
867
426
2
360
122
195
208
862
522
48
345
688
97
125
44
815
823
551
394
301
771
775
804
346
594
280
355
512
223
722
159
115
705
716
537
744
15
882
796
29
405
140
287
417
449
159
746
742
444
32
239
155
578
999
717
661
755
801
53
439
565
206
220
139
787
502
708
722
732
688
814
878
837
165
648
623
867
684
669
106
537
213
675
9
332
96
630
637
835
554
231
654
498
575
935
902
106
466
526
291
708
758
35
703
593
115
304
259
576
714
898
294
309
117
483
849
826
936
444
48
115
589
800
720
820
439
728
995
931
344
612
269
425
128
874
320
645
61
782
845
67
791
898
382
651
96
777
717
679
830
650
260
100
853
383
343
370
539
226
950
618
844
542
338
244
581
472
795
268
523
395
625
810
162
675
362
822
148
316
486
831
357
539
664
144
473
54
175
538
370
800
786
731
297
155
488
695
144
436
830
680
257
450
710
148
498
65
540
523
865
740
609
163
259
580
650
639
967
792
922
316
460
185
776
200
725
659
513
787
945
166
502
278
983
212
29
196
852
988
106
671
6
325
299
635
362
629
130
773
264
35
974
164
804
441
940
844
674
8
620
697
892
605
10
902
124
851
797
655
982
571
277
12
328
836
220
404
16
133
791
703
956
469
548
783
71
500
159
613
182
858
108
294
286
188
893
102
428
690
618
332
492
273
915
632
305
996
316
463
564
113
975
458
277
239
287
294
217
537
533
213
747
661
672
491
346
483
379
233
218
724
281
115
479
261
386
297
254
870
952
873
156
777
256
494
179
567
914
550
810
72
184
662
931
255
41
540
409
46
157
283
239
776
255
870
355
619
755
364
353
499
517
60
472
668
646
5
146
444
611
412
148
110
680
22
314
212
346
249
679
80
18
586
667
524
290
907
910
55
469
420
556
583
484
418
237
737
981
484
497
191
309
385
486
901
634
613
698
760
860
934
581
168
805
770
668
570
562
524
87
205
943
876
964
677
393
665
893
943
640
454
174
416
468
540
238
734
822
468
968
795
80
725
876
609
816
458
980
705
710
274
26
742
845
754
799
615
572
858
558
919
852
147
636
783
938
216
564
101
887
690
484
887
219
261
441
829
228
255
938
341
907
518
61
238
14
916
829
503
159
1
802
373
793
693
875
475
537
770
205
236
160
598
504
440
397
458
367
21
128
282
142
410
641
698
256
424
748
730
553
516
645
96
785
751
495
198
679
133
177
961
300
501
886
282
44
974
42
248
379
425
675
480
179
472
881
840
560
183
591
687
210
970
323
510
942
640
314
723
811
445
931
37
583
925
839
405
900
113
15
233
279
831
414
792
378
714
540
985
616
628
473
313
241
463
274
277
22
365
84
20
405
993
775
213
769
507
414
447
933
310
875
733
450
253
773
277
690
863
4
718
257
703
379
912
226
126
442
917
216
412
761
779
478
446
258
544
544
655
930
104
566
709
704
583
640
584
51
200
252
441
752
909
668
198
103
523
235
100
27
826
542
112
226
136
482
178
997
190
834
192
388
749
940
163
272
742
419
165
580
721
374
877
193
217
611
797
836
536
299
326
869
235
30
248
660
334
98
851
460
903
841
858
356
770
683
220
552
910
52
924
148
382
291
70
408
349
935
894
277
496
162
543
391
257
727
73
576
370
770
998
825
488
561
869
408
756
95
792
19
511
201
604
960
292
82
660
783
511
238
422
975
132
679
786
364
438
769
602
432
57
245
144
878
889
258
767
712
342
926
127
517
254
948
610
14
325
663
688
587
757
424
850
899
187
394
929
227
320
675
814
600
306
5
505
111
912
334
606
320
881
557
17
443
813
32
223
665
227
980
991
158
660
702
268
199
485
838
442
75
126
235
214
779
415
140
935
799
296
310
203
217
712
974
457
63
886
323
641
355
117
457
907
78
550
679
249
305
16
275
546
136
790
667
636
367
371
25
864
728
482
115
10
98
326
932
136
252
291
926
319
305
939
56
313
780
37
191
348
841
1
369
198
402
235
382
937
944
193
859
237
994
685
994
384
204
998
276
536
558
330
68
854
757
413
400
287
193
808
196
296
40
467
180
465
306
530
441
697
706
132
362
479
492
446
583
396
337
207
815
801
442
53
651
101
664
592
675
686
246
117
820
924
238
278
726
454
107
831
468
10
15
305
854
283
692
828
267
756
848
472
87
380
672
347
335
833
71
760
555
885
29
463
815
842
69
73
732
611
574
66
550
139
793
809
987
966
723
485
456
434
610
767
931
437
438
139
362
36
754
769
650
947
198
990
158
133
275
642
639
677
20
53
50
414
383
36
756
43
151
28
364
180
167
638
266
115
377
111
561
909
866
239
923
518
208
349
750
383
767
941
810
43
126
399
946
255
715
896
664
904
916
280
886
662
872
622
38
723
679
841
118
598
77
638
587
79
917
186
106
214
791
495
475
170
50
506
377
470
927
364
767
768
862
241
407
198
731
676
802
742
529
536
40
839
62
525
46
429
193
136
809
641
375
279
331
562
383
487
91
835
409
687
651
962
204
661
865
724
761
956
973
787
239
231
44
956
385
433
917
443
704
132
624
978
534
45
699
658
400
547
339
522
389
679
198
492
676
591
371
126
131
85
307
778
726
543
512
96
683
127
956
814
516
694
58
104
644
674
833
470
923
508
901
159
689
489
684
367
415
895
220
303
228
434
528
464
503
500
257
839
602
234
375
505
123
887
752
730
844
683
366
40
523
513
42
115
160
46
601
542
467
87
485
374
656
17
52
389
507
701
847
161
941
591
727
165
273
924
842
252
600
4
292
73
548
630
84
332
722
986
742
47
252
213
533
916
270
640
285
923
180
998
183
304
923
488
363
122
976
627
542
133
611
153
820
154
146
440
850
756
869
502
104
297
550
563
330
986
151
306
516
345
396
108
313
148
436
606
120
780
342
902
931
875
36
377
755
888
641
701
510
776
516
737
341
733
160
571
198
141
112
516
772
353
728
750
218
588
739
785
3
140
63
779
726
910
222
420
698
398
392
276
125
45
103
622
554
824
957
953
987
137
729
976
654
474
692
191
533
131
159
887
559
964
817
368
61
705
874
785
739
939
255
977
942
592
200
181
683
396
451
5
230
383
841
9
379
340
947
427
843
879
128
677
192
42
577
170
143
965
417
654
247
635
428
106
600
1
707
346
934
155
471
954
304
259
889
300
927
576
969
150
68
196
939
261
577
280
992
691
99
156
211
906
478
202
696
126
552
113
128
558
150
322
858
638
736
691
16
100
48
180
332
296
475
912
157
240
724
809
591
956
255
404
277
660
411
973
547
704
792
845
382
176
162
445
78
891
990
549
115
188
627
704
474
822
320
778
387
802
569
331
997
819
754
562
902
819
451
542
277
722
612
679
447
368
447
60
753
135
625
702
124
34
794
288
273
601
567
130
920
860
994
349
754
728
255
79
468
235
79
426
561
952
659
625
493
958
465
569
979
569
417
358
130
378
656
88
969
307
497
51
547
715
215
844
820
947
786
179
67
869
582
770
836
901
291
643
917
134
156
141
413
147
796
24
997
547
839
578
917
57
857
748
557
734
34
173
51
892
221
826
955
576
352
372
834
59
629
36
457
375
691
135
603
57
905
564
491
279
186
273
441
120
218
550
541
255
470
566
685
876
799
348
226
991
183
75
859
307
982
409
551
730
456
892
569
592
696
73
133
539
494
526
978
394
695
615
673
920
572
620
788
510
617
690
227
835
169
359
619
547
855
25
68
593
341
244
556
404
168
53
178
308
150
359
804
553
144
919
811
565
425
207
792
528
869
783
314
61
520
897
488
842
207
677
370
578
108
244
202
896
115
596
50
152
523
870
747
227
293
69
576
355
187
560
832
693
388
954
717
424
54
800
252
454
299
531
508
774
960
605
689
487
829
118
926
615
168
669
662
886
335
85
129
544
116
231
458
356
7
236
320
853
672
972
961
115
235
649
899
232
876
839
618
364
410
780
766
423
469
117
219
946
197
616
52
607
252
725
216
906
295
962
482
714
580
390
723
742
459
347
175
989
101
204
883
550
477
494
855
908
586
65
301
75
553
4
491
864
14
545
360
968
472
919
745
143
258
399
162
601
162
261
960
690
83
87
366
777
170
723
882
981
249
733
460
543
113
454
52
488
601
775
948
867
193
419
813
298
921
618
571
156
486
168
75
247
555
975
895
991
991
126
938
943
467
403
235
774
774
85
692
997
245
631
709
848
106
751
653
648
360
365
236
597
63
294
368
313
482
851
902
685
714
304
375
908
327
614
194
423
940
502
956
926
285
936
573
774
955
260
750
61
748
709
724
628
114
996
377
324
649
262
438
452
554
253
349
201
270
265
611
989
377
788
774
238
449
510
304
393
957
781
158
700
316
339
104
734
891
47
100
9
159
185
834
98
681
860
871
443
988
777
735
531
865
141
498
175
917
955
449
153
138
735
18
361
20
157
945
661
811
530
565
570
330
880
724
127
596
252
786
598
833
423
95
969
256
186
238
611
165
417
161
118
71
894
620
532
215
89
69
534
428
167
481
382
762
753
272
633
921
341
827
62
310
811
336
702
821
351
513
997
362
247
12
113
618
83
580
238
139
679
663
676
980
920
197
331
972
69
638
572
59
334
635
733
970
184
888
99
631
99
814
123
618
221
601
652
896
969
897
707
107
851
536
252
387
485
683
164
102
183
547
140
78
657
729
954
690
852
589
564
491
364
312
702
951
204
728
726
367
698
400
572
33
313
949
26
69
216
456
415
664
742
110
856
949
334
177
82
489
504
314
869
248
467
577
827
806
455
416
505
360
766
746
870
555
429
165
454
813
998
174
481
668
339
520
622
870
844
630
654
501
53
688
52
635
815
637
175
663
866
198
725
64
682
642
89
825
641
808
323
796
799
943
747
379
873
384
249
419
632
98
353
731
1
494
785
400
676
152
958
485
917
265
952
526
389
178
678
758
503
214
763
585
902
568
258
915
36
255
734
17
612
834
371
115
358
640
998
305
564
455
971
690
991
680
550
536
661
212
450
15
91
812
431
951
810
726
585
976
258
642
947
715
323
645
153
863
298
94
777
465
759
160
374
404
515
406
684
417
144
300
817
657
861
151
894
799
931
531
688
936
532
795
511
118
314
610
403
243
870
940
208
689
808
341
484
107
890
100
586
250
633
827
417
853
219
183
717
68
681
171
896
732
932
725
670
723
428
447
429
94
341
224
281
815
261
371
420
46
741
450
212
736
828
947
113
385
803
22
776
466
508
461
443
201
676
354
508
613
48
672
101
973
981
117
842
132
581
113
929
212
128
235
202
153
952
391
349
821
864
821
27
858
128
749
267
679
869
21
551
190
326
647
169
651
132
480
910
5
492
527
786
294
372
716
56
258
40
269
638
71
737
922
823
243
932
133
714
607
103
307
348
902
332
338
805
701
336
658
633
413
419
45
944
996
283
349
310
353
874
444
251
955
214
632
328
402
443
349
770
919
141
582
652
782
303
106
729
83
160
245
246
128
322
850
144
652
329
539
25
15
752
983
896
511
682
847
638
923
901
700
109
584
700
751
266
371
668
179
594
635
731
59
932
222
999
970
86
314
256
909
518
428
708
758
985
17
191
941
645
134
368
734
917
797
7
248
894
555
901
687
252
980
286
959
841
338
256
325
764
346
522
547
323
961
809
728
70
607
856
139
294
380
3
198
800
960
870
640
59
213
563
920
738
822
14
379
539
39
775
118
148
20
694
990
249
13
728
530
733
355
428
259
136
304
652
188
266
741
20
737
519
614
463
418
898
427
800
403
248
246
469
43
274
148
607
94
682
236
94
97
347
147
36
60
75
258
303
526
522
623
658
755
840
392
42
993
147
42
677
448
26
278
826
985
298
558
848
915
687
285
53
728
879
935
862
233
953
310
721
740
857
883
119
232
650
727
229
446
933
166
64
39
880
224
216
553
708
643
36
392
395
976
311
620
76
68
431
411
415
871
58
305
418
122
286
728
528
595
720
17
593
449
173
17
716
445
382
348
813
570
314
830
348
571
533
863
973
301
358
697
141
563
309
645
539
943
639
928
832
555
775
887
320
271
503
758
762
573
598
621
986
991
570
944
975
906
802
55
117
699
599
688
78
945
210
518
220
755
773
898
969
796
1000
22
555
903
974
399
758
251
251
809
447
916
739
676
831
642
736
671
11
982
544
928
780
534
475
81
679
368
985
311
822
956
359
997
346
484
980
106
955
645
830
780
954
491
587
226
27
840
897
945
855
53
62
471
544
492
58
491
784
801
502
732
46
156
446
15
19
898
102
761
563
867
890
78
68
729
700
744
477
203
873
155
294
138
331
837
744
713
661
12
196
426
1
712
835
242
167
216
825
815
662
30
347
226
457
651
796
188
458
225
620
705
905
589
5
578
175
781
279
678
621
247
927
242
344
734
410
395
357
804
383
402
904
771
451
387
840
324
538
248
886
610
705
727
994
930
158
630
567
772
991
314
332
553
268
342
580
986
209
953
992
483
438
858
515
650
675
799
486
475
932
738
502
207
168
291
543
642
286
715
459
593
460
371
911
310
8
836
39
771
923
124
286
405
851
821
511
962
379
698
780
604
400
200
566
117
474
836
524
113
455
389
819
670
336
575
74
180
21
205
797
386
437
949
549
73
405
654
271
330
129
320
647
751
423
934
542
316
703
852
342
923
734
326
216
405
356
219
446
718
750
383
454
246
968
827
163
72
981
314
632
972
860
571
565
354
55
33
399
435
133
64
267
488
689
807
670
349
300
916
1
435
159
533
223
947
892
9
325
230
310
436
555
622
80
162
890
703
193
835
121
412
759
496
995
348
159
86
790
844
882
419
494
925
757
450
404
145
59
773
569
180
365
445
731
937
621
154
1
955
334
78
259
127
240
401
338
258
744
395
836
202
933
389
942
28
739
814
859
79
959
731
969
207
327
848
976
415
378
193
768
842
342
215
715
688
510
431
323
304
697
868
334
129
992
930
629
181
345
357
305
818
79
225
10
259
926
349
424
54
865
60
640
457
15
86
405
362
173
984
179
29
195
4
61
659
667
653
565
731
986
599
173
326
11
776
59
988
639
252
298
55
112
39
366
401
107
390
173
275
385
738
112
392
697
320
44
834
702
377
361
744
291
791
709
435
160
829
995
806
333
926
669
568
732
36
955
348
158
869
756
702
533
610
772
187
727
520
496
576
947
848
190
324
63
482
193
308
933
601
903
344
432
163
858
295
526
260
444
410
196
524
882
474
852
225
978
307
980
711
864
395
653
513
752
666
391
717
197
350
652
463
350
416
652
344
225
467
541
526
223
499
20
309
52
419
55
149
479
964
181
631
250
730
950
201
885
881
957
428
791
564
928
217
442
662
972
838
707
110
202
674
600
193
368
752
964
721
447
649
723
697
493
479
882
474
951
116
798
901
99
289
8
174
902
783
360
829
278
921
367
533
504
878
611
56
72
20
673
420
92
531
130
954
909
454
111
894
753
508
933
844
159
779
341
785
220
602
316
510
264
594
421
687
570
795
217
367
662
880
526
507
504
543
332
203
396
390
177
409
275
849
641
862
768
710
221
508
381
952
510
28
892
114
104
129
65
620
440
155
866
566
181
492
843
379
89
901
393
22
316
733
525
44
98
665
1
265
415
376
213
294
482
356
394
127
489
50
202
662
120
848
164
175
614
550
678
800
836
78
135
940
713
817
406
642
618
198
142
804
710
114
547
239
579
760
763
887
226
809
874
350
321
584
863
856
806
122
255
379
928
633
22
611
823
442
612
94
204
697
638
40
275
21
564
426
689
995
175
609
942
9
623
60
731
642
401
26
241
297
743
92
519
891
627
941
18
894
422
147
568
518
711
173
280
978
735
23
93
264
415
724
435
61
671
559
835
902
162
674
468
931
467
251
259
843
675
197
548
350
193
307
119
363
709
836
392
214
518
765
955
202
715
442
956
633
325
182
55
185
512
499
794
85
724
296
689
980
273
728
455
372
13
918
398
179
579
413
300
227
921
394
469
898
594
427
604
320
710
44
631
667
272
85
46
213
538
900
126
774
911
124
563
837
886
702
551
140
875
548
298
959
246
682
139
484
866
483
157
225
406
97
942
214
415
876
386
793
249
546
401
160
845
283
339
26
75
542
913
439
943
637
784
358
241
49
348
872
584
999
248
208
746
485
675
775
371
974
169
997
728
232
896
897
744
869
366
893
13
936
541
571
629
968
542
428
155
483
375
644
979
844
941
97
950
475
352
311
560
63
159
168
68
455
826
336
180
149
652
111
100
429
418
517
101
716
730
377
105
147
629
716
114
300
619
820
106
292
138
672
341
50
944
313
150
84
904
726
882
338
772
127
205
406
995
9
93
940
112
578
511
319
725
989
554
206
451
305
859
993
254
830
107
884
523
178
289
619
410
896
733
63
16
454
522
166
240
774
595
803
499
17
713
259
439
541
26
215
102
154
625
95
905
311
393
309
504
655
696
703
7
492
469
248
884
776
164
905
142
726
17
798
912
782
575
113
741
893
228
226
498
966
264
883
307
409
500
53
672
444
809
314
861
215
558
83
24
221
59
931
183
179
767
650
691
148
25
686
617
755
231
525
484
875
819
435
216
170
514
870
326
432
764
122
917
151
906
439
200
753
336
312
181
531
355
837
698
580
765
200
258
335
439
267
80
432
132
252
4
805
294
25
899
669
590
967
608
430
577
105
257
249
192
357
275
527
14
273
373
827
112
493
631
538
59
104
509
922
406
149
951
452
23
753
916
210
477
540
500
549
149
879
139
61
952
202
35
836
790
353
998
158
150
445
350
711
971
313
640
243
317
237
10
238
236
633
201
240
872
183
132
691
176
361
624
626
578
389
184
679
354
755
731
32
360
424
584
30
312
400
339
98
210
504
660
99
842
833
142
180
942
298
222
857
443
339
329
536
698
258
377
600
684
231
219
901
289
725
277
689
841
535
164
395
71
107
789
7
922
502
801
852
808
164
590
985
35
234
640
266
609
523
726
707
497
497
320
721
789
605
881
140
824
465
675
857
105
671
931
410
540
778
673
724
333
486
105
373
78
983
406
531
219
28
544
556
940
324
340
269
373
474
838
268
741
955
798
188
720
536
111
425
286
728
784
54
697
220
628
370
169
181
173
139
795
673
31
530
983
240
168
972
412
491
685
846
621
780
78
726
506
414
249
546
343
847
108
679
608
161
208
437
703
941
95
565
585
215
875
432
530
133
709
310
191
293
561
143
647
219
207
515
351
465
304
286
223
327
322
70
680
519
450
437
23
463
836
656
425
872
987
236
645
52
981
693
755
153
729
520
222
355
312
610
376
909
262
220
658
568
472
526
301
402
503
221
744
53
766
892
771
938
763
128
416
858
95
654
665
411
209
268
182
498
222
569
253
948
196
805
205
209
183
357
657
838
343
607
522
61
807
801
398
297
303
594
489
563
119
192
46
508
504
587
518
76
638
998
276
10
744
588
429
35
801
219
703
800
921
191
484
490
598
594
808
756
555
661
77
237
477
500
713
387
582
450
595
681
935
394
555
629
206
847
211
53
530
499
163
310
779
223
880
833
98
427
700
838
752
697
687
596
455
461
348
893
138
407
527
475
221
925
927
40
717
989
745
906
971
437
870
913
10
313
318
748
523
314
565
940
765
791
476
52
728
61
940
433
581
885
964
47
839
164
303
557
640
676
619
772
19
450
79
136
756
497
886
400
769
401
83
161
990
817
997
360
571
444
544
133
161
811
960
472
820
702
900
559
169
277
289
603
414
479
608
630
46
366
203
989
474
989
322
161
839
663
854
438
613
301
257
202
485
918
472
621
117
420
257
600
604
408
345
143
594
524
329
294
999
775
927
359
623
435
661
6
446
428
299
314
255
234
680
659
110
707
41
586
415
224
389
308
485
707
639
241
63
551
315
877
641
243
331
636
577
335
254
967
670
466
729
685
739
545
551
2
670
50
41
476
138
451
408
725
854
391
317
713
708
313
681
993
4
991
141
894
178
218
632
80
566
605
33
509
606
862
217
662
67
581
145
564
119
479
727
444
228
174
966
186
303
683
571
927
206
419
562
720
526
309
76
886
563
844
292
756
685
541
891
805
598
52
856
565
261
42
982
282
966
942
527
899
252
435
307
641
327
687
90
157
273
367
575
219
838
560
298
556
762
989
50
982
169
245
503
227
436
637
940
843
38
443
883
343
370
552
380
800
299
513
342
113
726
277
998
837
691
145
334
57
769
422
341
679
928
93
787
46
520
27
711
474
648
560
801
657
430
572
136
110
905
424
380
821
348
547
221
577
261
636
148
7
984
221
231
861
601
460
426
973
281
711
257
510
787
568
275
982
46
727
173
135
532
549
361
629
504
805
826
973
730
608
360
46
271
729
626
656
99
414
21
402
699
159
276
93
435
435
321
937
564
391
124
55
611
334
835
557
815
402
330
135
826
447
511
566
210
440
280
824
468
619
797
594
919
770
63
502
860
217
143
426
19
612
510
957
435
845
950
786
70
829
45
52
432
660
868
197
329
983
564
362
447
736
831
829
23
767
674
405
471
872
879
609
613
502
584
42
507
679
71
904
301
471
418
648
301
549
394
537
944
134
833
45
3
35
790
399
340
201
397
329
438
730
998
833
767
779
726
481
631
593
457
327
14
985
796
78
682
654
350
670
533
554
520
824
544
87
714
886
905
160
518
527
322
585
506
214
616
627
29
36
216
377
833
419
893
688
551
558
714
