778
779
484
186
511
535
521
455
703
241
50
709
269
553
750
145
759
690
53
534
533
991
279
178
695
384
85
854
305
655
331
369
221
205
336
240
212
404
765
209
312
98
793
525
672
392
50
896
953
13
251
579
307
710
894
828
190
640
684
749
357
209
989
773
658
715
38
692
800
626
276
942
684
215
752
413
570
56
574
471
665
598
380
449
974
574
823
973
197
721
604
580
750
369
959
311
763
775
114
483
378
297
688
358
707
668
784
613
966
878
838
656
346
276
364
370
860
557
217
779
97
953
608
551
280
323
590
548
171
319
487
69
448
729
715
809
99
343
792
339
122
558
302
28
784
477
572
552
848
738
123
643
975
814
111
614
862
14
243
479
223
661
518
613
408
259
788
509
396
199
463
240
747
325
81
313
182
46
310
632
345
809
181
760
978
718
797
365
246
473
86
194
539
803
968
227
246
111
188
860
378
423
152
936
469
927
427
887
125
220
765
696
180
537
662
737
359
109
765
255
66
946
922
527
237
328
873
138
361
304
325
236
631
464
387
265
289
440
121
689
822
350
874
347
171
800
102
349
78
172
209
554
171
470
944
263
527
576
882
945
694
894
731
610
724
505
731
285
711
168
189
161
287
540
479
166
74
850
808
690
206
850
26
817
542
267
70
591
690
453
902
274
920
662
358
842
11
249
263
977
650
261
864
663
326
481
27
204
985
733
895
131
658
640
106
141
311
109
229
489
972
185
598
265
633
689
848
321
355
829
481
693
943
8
689
186
974
659
231
239
746
434
414
27
191
678
506
826
286
287
676
150
784
158
599
880
169
706
735
707
254
894
593
767
635
912
711
47
20
517
872
269
856
795
874
863
132
63
364
737
680
368
341
966
40
896
700
415
423
618
224
744
991
128
701
729
668
695
81
887
684
366
657
701
633
149
700
730
367
688
199
131
724
597
183
547
270
977
82
744
168
864
600
762
272
289
487
684
360
922
348
729
486
241
538
761
885
142
255
316
691
555
816
238
908
650
568
1000
524
980
96
146
377
580
617
869
153
975
358
722
404
429
900
255
919
575
65
138
905
542
787
64
514
923
568
914
820
118
977
152
644
806
678
715
52
305
776
538
484
832
583
628
983
723
23
258
67
842
509
449
459
920
673
344
947
204
429
590
653
293
855
338
96
568
906
586
495
448
583
864
433
691
125
401
95
425
71
740
362
474
374
62
570
848
880
992
878
292
540
313
231
862
240
866
910
140
979
784
309
436
341
834
41
440
298
797
202
400
25
941
871
619
574
717
651
734
721
893
115
34
305
57
467
90
31
597
840
388
719
524
613
877
609
951
372
679
52
154
152
160
838
907
106
370
438
308
960
223
429
724
812
887
351
203
151
99
235
848
155
408
134
678
904
305
963
112
451
733
647
970
788
668
416
376
846
673
17
496
950
16
690
953
795
621
811
420
44
118
512
574
920
389
230
529
99
257
816
713
746
521
458
427
308
384
381
669
739
665
854
169
718
926
527
207
407
592
753
400
83
527
697
973
167
735
614
173
245
771
178
362
629
204
501
797
793
95
151
421
29
652
137
641
896
13
198
137
307
284
639
245
870
68
444
574
79
986
329
257
726
398
736
85
182
122
86
140
291
357
893
339
905
56
606
748
968
230
407
187
361
37
824
833
532
23
22
943
12
399
278
628
617
120
933
162
99
560
201
738
952
613
76
972
950
427
659
766
163
960
18
725
506
591
259
851
665
385
41
515
780
329
259
826
271
702
938
563
221
586
756
77
708
252
692
203
907
551
509
555
269
673
530
110
749
259
909
143
696
826
214
503
690
668
939
997
721
992
883
498
291
572
149
830
515
586
776
537
638
663
779
394
94
587
730
762
407
358
52
653
16
152
288
471
325
186
13
452
38
502
942
892
256
919
601
934
863
258
371
204
263
70
955
976
323
614
720
618
459
254
348
927
388
300
52
149
944
664
988
179
125
825
840
177
971
216
639
362
164
252
945
518
684
256
126
606
442
546
388
452
523
727
397
109
67
209
920
33
517
129
16
97
86
20
788
695
595
348
451
336
684
792
891
201
823
481
67
765
57
306
173
491
590
957
520
535
117
69
862
207
153
427
993
252
767
180
85
274
687
20
929
259
968
297
530
729
527
336
935
339
660
561
954
39
400
557
628
835
218
139
978
269
880
735
509
115
459
495
143
707
949
1
866
324
122
965
77
556
493
211
849
50
740
984
878
670
86
243
169
377
271
521
325
51
602
156
332
374
187
783
148
283
