893
474
886
420
19
139
765
105
857
138
636
488
197
199
978
981
836
6
951
357
729
962
63
150
450
857
769
227
569
428
544
811
498
400
889
98
950
282
540
976
25
231
75
963
557
606
376
606
44
664
585
395
237
263
999
367
95
947
772
924
968
783
6
741
685
469
660
187
677
951
53
469
854
739
840
12
922
722
260
746
919
276
427
201
345
456
424
311
907
336
311
3
797
190
597
353
829
288
495
728
712
306
897
602
690
967
432
891
8
506
936
466
588
951
903
262
471
878
250
137
261
83
689
592
21
991
434
387
639
330
479
280
191
868
83
536
68
921
102
274
769
267
57
994
763
878
951
791
828
45
850
881
244
851
66
84
185
971
411
452
876
349
378
299
829
596
561
980
719
142
492
639
18
114
744
82
481
33
496
706
456
640
768
645
3
624
98
534
31
9
744
495
401
64
806
6
654
988
160
459
834
955
492
523
637
331
189
844
639
327
853
866
632
776
142
796
73
454
927
308
196
693
561
950
988
772
542
22
280
751
376
933
225
124
187
835
487
18
452
328
663
387
12
125
544
901
73
668
812
533
59
825
705
539
185
886
990
103
93
862
305
352
752
533
798
357
94
974
515
187
950
357
832
509
748
949
40
393
124
348
344
746
494
710
342
27
448
236
808
23
967
510
508
656
940
91
352
607
279
587
872
593
823
621
987
176
844
621
355
812
708
282
513
217
343
499
248
441
297
488
790
881
694
726
113
748
442
846
701
932
572
459
818
178
2
906
937
470
846
756
906
257
371
974
820
131
699
266
431
13
651
331
80
883
705
692
895
727
312
36
134
938
263
553
852
544
637
443
995
813
601
830
613
267
937
935
630
454
485
412
716
336
777
795
109
964
423
706
627
113
795
978
143
247
867
934
900
240
211
291
317
718
372
782
959
186
557
765
431
657
762
594
898
521
831
157
490
489
586
736
826
169
707
594
613
399
838
121
74
4
366
176
145
714
344
20
88
250
145
628
349
36
828
723
335
335
130
158
848
78
578
897
460
731
946
719
145
482
7
848
779
333
350
582
172
461
64
275
186
346
749
983
20
400
458
384
945
771
832
584
507
669
600
462
112
900
784
254
105
736
363
499
519
976
648
254
908
572
226
460
906
19
971
256
258
615
525
716
277
80
692
582
578
892
570
12
697
764
609
203
52
649
546
941
495
919
611
392
52
383
592
772
724
807
227
723
37
706
681
327
505
30
237
976
423
370
741
443
608
941
931
122
172
685
816
309
467
298
676
292
432
969
934
313
305
225
247
368
857
484
665
31
307
178
404
25
575
523
284
796
32
630
896
456
569
17
637
303
19
106
395
913
417
894
744
741
279
53
427
218
158
792
794
442
632
81
221
568
535
440
947
351
352
871
360
496
546
747
606
137
84
577
873
390
608
701
564
716
113
598
132
165
442
272
434
947
118
33
369
336
401
599
594
824
559
208
179
250
909
470
244
522
818
876
478
675
8
807
759
710
280
747
57
28
213
861
849
271
965
130
685
425
899
272
334
854
581
92
408
463
788
5
690
535
214
86
933
170
59
292
601
192
244
500
166
701
774
61
207
828
57
401
258
910
325
852
593
566
337
114
525
530
666
771
661
374
445
61
214
555
135
750
748
622
531
735
728
494
359
641
879
84
866
341
171
775
396
814
836
182
24
899
27
621
784
793
925
173
711
220
550
87
501
957
505
636
877
200
585
364
894
811
796
490
945
535
280
115
889
332
614
63
911
430
525
467
343
924
413
999
760
648
159
802
796
678
679
120
758
888
957
781
48
179
161
943
51
655
970
745
851
785
100
394
252
812
983
957
15
905
890
202
553
69
739
19
545
409
157
160
330
700
79
676
903
382
549
363
477
378
607
580
139
329
79
55
503
563
845
71
135
468
325
503
544
846
371
678
658
798
582
885
581
302
424
532
766
902
280
38
519
347
158
575
432
292
807
320
266
195
292
105
629
747
80
268
587
281
486
472
436
243
624
232
236
23
839
450
846
533
415
16
682
558
98
772
652
933
599
118
261
106
768
387
525
884
591
25
9
853
278
233
461
122
399
955
648
259
906
68
282
2
563
343
75
79
214
822
205
390
451
814
616
730
878
305
470
443
3
939
820
245
516
529
697
454
772
517
997
331
573
256
808
782
643
490
908
922
790
388
326
559
751
132
189
424
74
342
141
225
60
152
142
622
159
242
1000
388
956
555
273
586
949
954
832
329
850
241
626
534
102
454
801
368
423
191
947
227
320
117
46
532
235
663
788
114
516
698
330
497
44
781
949
933
392
251
390
8
54
877
877
404
701
351
394
999
337
463
837
317
728
116
241
244
888
860
959
167
93
189
748
768
844
699
653
744
523
684
21
925
383
294
190
844
49
845
439
445
303
757
884
740
918
482
694
859
719
6
731
378
261
59
553
145
587
726
140
513
756
720
429
111
196
581
578
606
122
741
328
931
621
954
826
238
963
299
876
920
68
609
242
377
92
583
700
392
633
265
152
111
677
905
283
254
426
593
809
706
974
52
127
501
111
490
71
752
997
460
160
136
229
776
663
972
117
605
819
790
763
818
10
366
556
676
25
29
119
328
441
503
57
870
481
416
228
220
923
53
408
246
907
399
801
693
668
806
459
711
226
970
423
605
612
639
129
262
757
485
297
4
390
803
44
247
603
761
646
340
133
812
311
477
141
424
526
870
320
588
124
440
556
583
383
860
537
696
930
92
573
77
104
739
182
952
995
307
202
148
381
380
701
243
115
309
325
511
367
158
786
593
510
5
487
878
806
814
515
654
783
647
862
332
213
776
267
120
45
137
770
87
773
837
688
652
778
859
338
143
668
268
79
388
53
784
215
47
434
97
158
307
194
266
815
305
731
279
393
675
320
313
726
510
19
841
417
510
644
188
604
318
208
510
313
587
514
295
343
330
189
598
967
959
386
938
701
309
733
693
479
925
498
69
289
919
76
787
167
153
466
76
631
315
296
756
811
810
622
54
876
7
386
874
548
628
499
430
395
88
721
354
648
716
806
253
939
419
746
89
874
889
588
672
797
374
833
527
582
11
811
749
798
158
362
881
772
287
389
579
514
182
586
347
741
455
768
950
366
849
147
153
291
871
805
480
152
771
144
271
977
598
351
810
451
682
885
764
969
686
407
718
267
311
315
175
663
737
586
1000
692
957
73
247
963
659
749
727
165
715
904
369
769
135
431
459
472
914
706
843
330
560
463
304
351
291
143
312
651
217
396
887
463
343
126
537
645
123
177
875
256
338
633
62
878
989
264
681
684
800
824
190
955
206
495
246
427
149
469
147
331
888
738
205
464
879
79
732
766
91
258
703
647
630
816
945
923
770
412
414
281
790
627
806
130
16
235
361
29
790
124
775
729
558
83
565
812
327
978
403
129
752
997
908
86
590
945
295
480
284
132
102
364
198
407
181
563
780
805
380
488
773
449
976
929
774
540
232
551
842
258
525
222
200
171
218
873
96
580
997
957
197
896
65
597
910
500
755
762
523
294
116
903
93
866
684
351
971
708
573
319
469
870
62
48
110
453
611
66
327
380
108
328
726
977
81
220
818
36
430
903
603
547
831
528
783
916
818
195
322
874
78
242
113
258
329
800
552
678
307
394
985
281
286
601
228
433
578
183
416
41
278
803
811
677
655
978
980
306
441
317
300
799
97
450
489
37
837
874
583
339
603
787
752
742
3
535
448
477
184
511
602
748
764
905
194
141
215
947
673
785
418
577
693
244
164
472
474
988
832
34
921
379
209
33
454
379
919
649
89
873
532
499
76
385
135
724
728
946
457
698
520
974
283
258
103
765
375
998
142
71
768
730
897
641
912
112
776
504
545
476
710
244
388
595
528
672
627
109
943
880
641
603
481
977
227
445
876
146
40
222
848
892
69
450
372
721
685
173
166
543
329
138
65
902
149
542
483
53
211
659
404
682
964
254
932
27
726
814
844
943
650
731
822
64
247
345
579
408
447
447
116
14
554
289
568
480
137
165
692
925
681
851
503
764
555
178
198
189
213
689
94
378
986
368
929
321
806
36
461
995
485
452
620
390
809
179
910
983
998
685
819
662
477
702
517
319
277
587
599
750
757
807
589
679
950
669
309
873
317
515
185
776
170
534
700
415
340
379
359
457
827
381
972
742
672
830
768
401
664
229
127
950
72
446
498
168
745
138
689
902
392
362
399
912
895
477
965
293
246
749
707
734
973
192
67
978
75
75
628
175
937
908
60
278
509
206
444
410
212
599
213
794
247
317
857
243
597
473
322
1000
345
837
581
413
41
541
587
41
210
225
825
296
954
953
953
381
686
553
75
101
180
708
977
590
41
680
396
242
492
822
468
209
855
556
668
973
140
229
53
710
841
848
320
443
927
618
576
435
880
779
497
579
840
641
313
267
734
270
681
907
747
908
961
252
423
403
914
53
43
473
540
595
306
295
470
118
398
518
895
555
879
57
738
119
99
693
433
357
584
200
414
42
670
644
440
634
260
707
958
628
4
957
198
963
123
95
664
592
390
742
324
809
786
19
339
993
647
494
70
242
268
876
925
263
697
498
773
539
925
199
90
480
758
426
394
752
797
650
159
970
621
201
270
489
31
645
428
953
755
706
436
510
433
194
112
344
711
941
365
182
962
924
657
309
122
364
300
882
631
651
808
316
236
866
853
88
609
264
365
113
258
43
133
79
472
654
839
797
811
336
30
377
826
660
877
652
576
160
818
264
163
787
220
844
204
925
289
212
310
759
126
815
418
500
203
470
867
771
89
976
695
527
780
914
156
362
192
740
748
78
193
142
780
489
500
634
262
862
557
589
845
826
733
14
535
167
920
582
122
462
954
820
382
5
624
981
189
620
54
110
979
442
540
213
617
945
654
19
421
642
363
255
410
344
928
800
902
596
807
293
195
183
85
120
253
508
664
735
130
928
54
768
244
330
7
299
638
151
792
461
623
293
623
320
818
780
73
905
668
912
21
787
878
642
971
659
637
208
597
606
231
231
862
322
741
973
817
23
368
567
755
188
766
218
933
203
823
353
87
113
206
704
960
96
957
111
375
189
446
484
308
141
823
579
957
420
674
884
996
231
309
252
380
72
56
605
878
757
321
185
908
865
726
992
949
449
610
924
821
763
133
439
342
326
199
199
259
492
168
427
47
683
130
160
932
901
283
888
141
991
892
511
437
849
832
250
312
889
635
276
903
516
868
525
706
572
513
632
929
381
404
559
607
347
570
22
656
329
800
709
750
785
832
503
987
574
617
801
715
992
94
966
710
418
828
284
607
42
301
461
605
573
430
591
73
156
87
128
512
745
329
304
821
398
245
822
886
163
765
622
101
566
196
893
384
327
996
658
58
238
601
582
445
218
139
596
826
616
904
366
973
38
800
758
643
483
699
42
70
733
295
181
476
935
42
542
473
866
314
515
129
855
734
279
982
220
592
81
674
29
771
259
404
169
84
985
413
9
298
625
540
210
223
741
505
718
721
965
689
295
931
253
9
8
830
388
786
878
172
406
843
66
314
780
550
863
358
984
593
335
329
93
595
374
577
851
571
770
997
674
268
21
312
867
643
450
513
358
197
925
480
790
145
321
910
142
593
423
55
364
922
923
219
187
977
354
30
610
369
784
312
800
569
286
979
761
968
972
615
144
874
621
909
186
965
317
317
269
103
4
369
52
447
2
415
952
835
897
840
141
550
92
968
961
686
338
307
335
132
307
277
969
542
21
33
990
366
905
969
738
404
846
843
620
388
66
53
354
951
508
383
764
291
442
926
322
387
648
97
635
485
320
384
343
973
886
534
43
719
921
122
43
867
454
39
853
146
161
649
960
927
799
713
113
961
14
527
832
60
955
441
817
409
689
374
960
545
467
752
300
619
711
17
991
298
165
290
850
238
460
191
588
984
164
452
981
526
259
770
490
774
99
353
233
838
291
282
300
774
482
880
810
346
36
841
183
863
691
402
83
670
735
492
15
427
196
612
307
396
481
345
899
140
216
756
86
757
984
438
971
296
696
707
847
35
980
997
526
349
586
336
52
586
383
874
788
440
410
602
336
409
81
922
898
963
277
999
136
552
762
814
854
265
818
715
426
290
452
160
682
417
432
53
652
972
535
613
861
975
105
365
479
748
11
428
875
590
489
930
193
809
489
673
352
781
896
779
923
783
757
769
883
686
40
103
50
57
436
343
14
76
272
93
299
113
538
364
715
691
869
695
617
174
10
520
252
642
482
607
380
600
213
643
459
100
981
841
743
723
554
611
57
158
886
372
167
768
347
893
266
60
364
424
289
479
487
414
766
308
238
694
41
138
915
41
402
809
983
812
841
411
540
381
847
485
950
307
602
112
964
53
655
485
20
195
831
260
926
859
289
834
271
539
430
830
414
135
345
25
414
130
540
104
51
717
868
676
892
2
7
822
825
428
651
781
721
984
269
216
577
73
970
430
62
251
817
213
298
855
924
218
478
838
293
582
647
673
637
267
691
992
82
673
817
861
753
993
76
160
184
405
986
69
1
440
973
760
829
409
705
866
11
848
554
51
81
558
954
639
174
385
204
295
527
673
34
79
244
30
137
528
30
421
705
299
292
795
651
64
330
518
974
491
153
855
808
40
636
624
396
512
683
841
464
568
817
970
946
313
578
966
328
417
960
681
436
107
715
615
192
945
649
565
326
780
550
646
133
516
118
532
85
469
702
971
829
180
350
580
858
134
938
44
424
876
407
71
657
506
143
264
221
791
594
130
482
967
507
835
922
639
134
10
640
106
243
658
518
613
704
127
703
231
766
474
493
996
153
101
538
116
480
624
375
707
29
175
295
600
751
669
627
908
566
384
846
784
254
68
280
759
607
40
874
865
607
578
801
49
567
970
862
465
522
376
388
697
631
942
927
867
791
331
190
210
917
924
925
287
401
606
411
814
141
336
203
554
285
510
424
610
831
757
757
313
182
515
537
115
754
405
959
680
22
531
652
382
800
600
526
866
171
624
25
764
768
744
259
392
247
502
808
198
433
216
931
320
626
350
625
205
919
216
201
908
469
313
165
570
998
610
582
288
586
833
966
829
893
31
902
191
788
831
854
683
132
244
816
622
399
48
881
122
380
496
814
687
39
56
762
389
721
383
964
48
446
317
372
145
313
976
489
246
853
101
327
188
113
680
590
513
976
594
990
291
438
558
529
137
234
178
55
26
833
358
395
947
58
647
93
996
407
543
979
86
495
250
348
632
436
972
688
724
197
317
745
803
15
499
35
519
438
741
433
663
672
74
289
381
58
530
219
322
89
427
990
705
372
141
972
349
8
55
449
765
450
388
960
634
666
595
862
798
929
368
520
615
84
955
503
30
159
259
302
730
769
546
485
459
227
753
555
351
468
1000
792
563
116
857
918
231
515
39
609
44
679
55
207
114
44
655
459
314
993
237
921
474
229
982
729
37
580
165
866
189
926
665
431
535
927
685
757
549
696
768
210
821
703
41
541
478
337
595
263
78
405
293
660
995
735
966
682
24
385
673
999
947
763
625
2
104
844
748
29
514
133
991
560
397
579
729
531
265
592
261
163
940
246
429
717
437
494
782
618
790
258
94
457
30
253
29
542
243
242
991
842
803
495
585
667
365
597
731
931
384
753
107
312
318
142
921
259
424
165
788
139
496
199
491
224
36
672
31
327
740
889
447
479
739
81
438
35
337
506
441
965
911
399
119
509
42
226
399
135
903
851
499
570
131
246
602
99
898
268
189
467
634
415
637
347
965
940
727
14
712
760
814
559
397
61
757
287
957
451
354
530
921
723
666
308
190
880
963
84
251
496
675
765
859
142
480
540
839
894
142
849
19
16
608
751
732
460
638
607
569
223
964
587
389
129
594
803
285
782
653
370
228
974
853
355
588
343
134
524
32
866
320
805
526
853
1
124
853
873
706
595
789
67
125
178
941
150
525
511
897
349
308
189
83
868
957
263
584
781
396
780
366
810
131
809
394
653
718
478
966
838
556
718
899
515
104
351
366
834
282
813
957
853
709
776
770
607
140
867
529
119
77
378
111
200
780
338
352
932
889
719
260
904
492
12
848
711
973
396
127
995
968
773
286
713
15
389
559
240
756
606
350
552
813
723
484
526
844
849
271
311
129
766
897
774
25
515
322
712
27
41
417
954
369
599
905
572
999
948
974
152
977
634
221
330
798
198
29
94
763
597
306
668
352
779
405
107
715
838
301
118
397
710
320
138
604
514
110
44
996
303
129
705
535
212
829
856
973
347
438
773
435
841
300
742
855
478
67
527
368
72
411
377
628
872
942
38
562
887
737
777
142
801
988
216
766
270
367
48
638
552
750
921
77
706
545
46
298
880
266
313
562
529
81
650
5
304
165
631
961
295
674
878
361
961
81
243
491
819
59
667
47
531
989
488
297
448
390
690
972
177
389
992
670
1
205
378
877
333
547
726
987
783
390
673
792
580
641
790
828
226
942
123
590
723
488
690
882
275
144
881
901
397
484
821
627
846
383
717
185
597
245
569
431
47
748
379
421
891
720
90
626
470
68
238
108
384
937
810
672
281
995
875
349
662
186
470
324
551
65
618
177
170
880
438
770
151
527
519
676
63
184
426
692
579
666
125
380
105
598
238
315
327
175
600
473
585
413
973
275
423
301
62
534
499
114
755
444
181
299
943
551
173
651
549
819
894
460
718
463
937
675
930
354
824
977
719
738
852
366
609
267
399
490
163
350
875
323
488
511
294
467
702
478
929
940
122
609
571
782
946
274
107
43
741
420
241
996
339
190
788
818
422
766
671
329
764
44
170
45
586
436
682
817
9
866
287
707
361
257
40
633
515
199
333
600
281
360
851
911
842
74
776
207
570
820
481
696
25
164
936
125
332
282
295
847
550
312
542
423
533
174
664
477
219
10
547
396
443
35
574
1
957
376
620
877
391
144
819
785
420
262
302
619
501
95
308
690
751
684
428
184
434
289
136
457
143
679
527
951
813
976
536
253
667
220
378
688
360
131
734
808
181
983
353
96
518
405
519
507
426
34
111
183
439
317
166
271
809
751
345
798
653
779
732
695
343
16
908
490
633
832
292
334
801
773
227
96
137
95
550
646
869
829
161
728
671
761
98
79
387
794
116
950
633
240
537
3
660
894
509
109
324
62
332
236
860
854
553
759
892
96
280
116
178
365
176
288
55
756
102
671
720
610
208
540
316
566
639
173
495
641
369
422
238
559
507
550
971
639
168
447
252
44
194
594
264
312
395
622
797
172
146
206
678
174
172
967
536
132
124
647
451
121
665
800
905
701
251
398
172
666
147
405
451
803
651
899
413
429
837
612
128
684
456
40
430
4
946
326
451
806
518
860
870
757
960
504
326
878
957
674
577
535
757
145
528
532
338
149
200
670
224
995
710
546
751
918
494
360
737
63
817
158
745
18
108
553
337
7
33
548
535
72
80
211
788
723
699
360
644
177
959
887
358
132
426
792
715
73
713
927
117
608
419
902
707
500
116
953
605
758
769
195
542
911
147
743
892
986
685
71
103
854
880
565
344
697
670
903
380
282
736
765
390
941
53
7
359
662
573
214
892
727
470
324
250
558
771
742
916
953
276
94
801
53
330
789
75
879
947
877
442
312
394
216
294
561
849
671
892
908
110
422
982
905
280
667
76
690
813
724
828
289
570
743
910
860
746
55
341
586
567
413
501
959
757
14
461
752
513
324
134
710
589
454
45
817
23
663
761
849
725
796
191
599
663
560
981
312
848
141
402
877
10
446
112
746
612
640
495
766
758
258
544
294
193
366
648
200
742
512
403
655
179
688
339
896
849
267
109
236
181
705
301
292
562
617
701
256
528
860
466
456
409
465
824
327
673
632
166
315
763
406
408
85
89
636
794
679
375
521
840
245
392
462
314
389
656
647
477
513
14
351
6
555
569
339
710
85
807
584
963
172
202
186
188
184
270
359
140
653
971
970
470
666
876
855
725
645
876
488
813
254
449
23
182
45
417
297
731
169
919
139
436
500
786
335
982
370
504
680
426
249
929
708
287
22
241
860
455
981
377
343
254
870
346
828
796
69
49
444
398
959
317
562
667
713
949
899
151
466
510
807
848
308
751
747
486
790
991
666
117
67
834
907
434
994
721
770
181
960
727
3
36
249
687
913
407
597
794
657
893
445
339
352
388
298
446
271
987
395
238
115
289
419
750
77
934
474
970
100
235
690
138
188
238
521
588
330
484
537
498
471
166
57
407
610
565
957
124
572
681
11
759
604
105
216
954
675
378
406
196
200
62
786
479
172
726
99
77
452
717
345
389
703
178
766
252
604
449
147
488
188
92
219
408
99
221
153
946
832
320
570
522
160
482
341
178
616
531
470
587
851
636
104
277
218
993
737
930
492
216
383
360
86
824
323
600
946
70
283
677
513
95
791
732
855
188
935
334
69
163
677
835
572
140
227
204
640
685
738
717
786
198
905
278
440
703
329
792
687
400
380
292
466
929
907
509
847
970
864
486
307
844
43
201
327
731
517
394
286
118
19
598
618
246
555
111
772
911
837
878
781
826
341
105
658
558
171
519
883
118
624
336
207
647
453
420
430
233
900
558
914
398
679
484
722
703
693
559
112
397
143
953
912
71
701
274
807
933
633
577
144
358
618
80
40
76
720
475
204
204
132
171
63
732
246
416
13
937
474
356
238
435
358
315
24
836
16
989
376
820
317
535
307
174
725
710
11
781
324
615
919
336
724
960
843
995
857
274
239
449
113
120
637
191
438
994
566
367
459
398
742
382
829
770
933
182
482
947
339
690
32
477
437
190
375
373
312
35
493
614
267
431
151
448
983
721
937
70
433
34
784
17
522
514
644
661
220
57
360
112
705
935
605
116
887
139
916
223
912
187
251
690
287
109
620
157
658
22
719
837
333
198
107
935
856
407
840
473
494
937
979
921
192
826
935
418
857
458
171
70
931
656
90
676
34
854
672
749
203
357
491
833
646
26
954
857
84
243
280
298
344
377
89
883
757
636
936
445
26
744
604
439
836
427
329
512
293
102
683
112
471
45
174
31
759
113
716
636
182
367
245
748
933
642
643
547
218
737
406
107
736
873
112
167
395
332
139
773
997
205
729
403
68
213
507
468
110
185
542
720
811
164
546
164
745
895
434
206
761
412
521
951
146
894
532
335
871
927
181
976
992
157
421
118
12
99
682
968
361
15
917
975
301
866
338
284
109
914
574
854
20
758
416
652
664
144
358
946
268
470
742
641
105
736
263
216
391
358
548
536
946
868
22
