981
712
570
232
568
856
546
174
800
853
920
130
217
18
346
634
777
345
988
676
362
986
764
479
454
286
282
424
977
651
494
63
977
199
322
320
146
183
360
391
495
789
311
445
645
755
905
591
929
351
703
332
766
743
687
690
953
691
681
821
59
386
951
126
191
767
218
432
232
798
467
249
193
191
69
846
650
490
790
794
523
636
535
492
462
663
110
289
752
159
949
814
729
872
566
791
615
629
649
496
240
158
740
430
995
1000
530
974
659
163
80
199
141
59
891
857
611
867
198
665
360
963
420
416
263
46
635
320
303
324
597
82
378
38
124
473
705
341
777
676
727
820
386
240
279
541
403
23
515
364
923
304
581
2
968
663
329
237
725
269
382
240
940
381
149
974
99
81
803
568
140
681
560
497
229
293
677
757
183
959
159
376
939
328
781
9
286
334
1
952
328
623
743
27
197
521
615
434
579
832
892
543
668
244
270
953
584
365
398
854
801
576
596
457
294
755
128
578
935
156
890
259
75
127
448
671
665
468
298
322
285
214
325
191
197
662
213
248
15
976
612
764
439
299
117
884
163
547
568
992
986
934
774
493
993
640
822
389
416
22
242
743
800
275
539
352
520
587
334
882
744
13
583
652
809
172
856
994
141
494
305
154
744
159
422
84
217
493
453
242
959
118
287
250
76
32
690
958
478
839
631
816
779
845
710
863
88
224
682
790
213
612
496
511
672
251
552
566
667
903
19
117
765
603
820
142
366
414
705
19
636
844
543
850
172
318
914
556
927
82
922
759
640
181
714
567
168
788
933
803
317
657
246
463
589
62
148
554
8
675
982
127
493
647
790
430
602
941
45
448
962
665
368
808
280
849
313
895
464
308
345
239
889
492
249
986
411
312
601
992
681
118
276
146
376
637
405
372
944
553
261
216
183
830
383
742
117
986
376
26
289
516
952
961
757
252
629
140
862
247
798
714
826
487
844
757
293
664
719
95
655
800
863
857
622
185
27
670
243
330
368
61
268
733
335
222
110
254
390
156
345
641
779
609
268
173
213
228
322
894
435
740
339
291
37
29
103
678
959
783
713
38
721
162
375
477
553
969
23
53
770
590
960
795
375
923
901
578
106
106
122
136
769
992
528
155
365
708
451
227
229
398
835
1
108
140
79
479
213
229
498
193
362
393
412
544
425
307
521
841
352
360
782
823
40
192
644
298
716
1000
808
803
588
740
758
305
526
172
355
864
50
136
663
593
153
265
871
513
658
549
840
465
499
815
197
627
589
947
339
483
549
61
903
748
477
271
237
484
723
732
827
579
322
751
102
683
296
224
341
866
700
223
703
847
604
752
51
90
202
865
547
843
339
715
780
818
449
442
977
605
960
652
700
253
900
352
47
733
340
175
142
955
293
776
936
659
29
908
959
801
549
65
432
599
20
747
356
310
462
641
521
376
768
481
10
611
640
778
121
970
594
393
866
924
29
585
16
157
877
270
758
362
832
103
14
596
406
950
416
769
81
921
614
347
235
102
642
608
138
286
361
594
145
510
854
613
493
679
924
302
832
992
706
218
144
923
574
85
652
472
554
73
70
215
851
120
197
98
727
640
218
176
779
220
175
440
60
564
207
761
908
506
478
80
358
651
361
102
132
6
813
382
930
864
751
702
973
968
195
348
911
238
799
913
418
504
412
669
543
897
627
105
386
162
10
666
195
571
542
279
435
442
37
979
218
474
35
821
186
716
341
165
951
252
359
442
834
560
118
539
767
92
596
174
760
247
304
339
359
2
194
345
817
731
694
397
4
923
716
716
643
943
649
379
35
526
139
648
455
572
684
322
467
361
394
167
376
833
316
345
70
971
278
652
208
338
714
407
298
864
400
497
173
931
854
343
300
429
447
303
84
374
138
914
640
439
149
95
317
186
647
37
860
553
97
118
207
50
78
482
599
160
384
234
291
602
110
827
503
831
417
422
285
565
600
687
943
365
33
206
600
446
636
480
271
650
314
955
87
239
462
172
1000
339
403
725
783
778
256
485
892
598
258
274
399
896
38
60
283
306
340
871
494
452
700
526
629
102
965
771
321
803
353
226
671
608
379
226
413
435
167
90
322
491
308
437
9
372
554
800
889
254
385
793
754
336
925
711
217
635
406
285
858
304
885
729
613
473
40
783
827
91
487
634
493
232
337
369
194
584
365
849
888
800
764
942
703
265
790
195
334
683
176
641
710
569
889
101
11
562
252
389
188
174
393
695
319
643
1000
197
788
298
61
948
818
683
339
309
76
490
