296
205
235
477
965
784
611
905
872
546
796
673
683
336
344
297
893
640
400
289
112
915
670
707
114
595
459
758
979
621
26
626
41
140
684
338
383
704
792
689
478
852
757
208
13
731
909
299
394
890
609
31
637
552
991
841
771
786
664
169
338
860
754
656
15
748
117
81
91
526
745
979
849
732
188
25
163
113
772
470
617
224
738
684
607
238
984
798
886
204
679
935
112
459
574
59
574
826
601
939
167
531
956
705
631
190
930
347
175
78
429
578
905
238
71
204
804
400
60
237
141
852
950
755
952
719
802
488
389
823
825
9
336
293
456
5
503
964
849
242
961
134
73
191
665
151
700
714
606
961
253
897
783
896
106
101
906
594
389
633
535
900
474
981
433
569
877
524
550
785
11
87
469
114
425
307
69
206
56
10
662
229
649
579
63
783
22
521
84
826
453
293
394
501
792
981
606
686
526
139
976
675
16
553
306
806
206
48
264
472
977
799
578
677
142
955
672
251
944
832
542
558
424
462
275
788
446
886
433
963
705
144
279
68
432
355
622
397
41
631
550
318
820
540
128
233
742
842
602
60
711
606
220
524
859
523
824
356
652
866
43
812
218
676
304
646
563
445
2
452
235
996
293
682
41
75
471
45
234
991
251
762
730
714
901
10
336
634
788
762
450
70
541
798
788
530
236
123
674
416
895
314
727
62
617
717
550
624
608
668
834
380
464
461
209
809
127
709
522
742
977
329
388
134
695
143
710
724
389
605
577
310
287
751
543
887
622
619
888
69
760
682
722
854
742
539
364
974
627
221
313
619
34
20
541
888
617
384
702
832
709
699
834
9
589
442
439
793
349
686
651
533
942
494
599
447
555
734
964
469
539
783
255
849
774
115
118
147
20
886
219
596
399
563
724
970
365
462
971
32
856
413
797
715
189
845
293
710
146
766
586
495
188
227
935
422
605
643
924
863
528
225
91
597
415
113
727
509
364
128
11
827
420
325
918
695
284
435
415
231
967
213
934
642
488
866
313
198
94
33
945
415
68
330
903
784
8
29
379
55
86
161
856
781
540
106
494
582
185
539
919
713
651
606
665
253
744
557
281
155
149
79
163
460
406
873
957
520
643
601
179
17
170
592
427
703
556
399
910
447
273
360
123
42
211
607
572
482
956
581
172
407
7
688
822
531
703
627
305
193
824
941
835
926
317
125
430
215
120
275
187
576
244
374
957
754
46
647
225
672
459
769
3
169
863
23
368
907
200
125
478
998
565
663
29
973
434
801
632
47
702
529
443
122
586
176
302
704
400
329
374
364
493
212
897
547
334
145
241
268
100
416
647
938
249
725
146
391
499
471
17
100
713
826
239
851
365
283
265
218
98
456
76
71
6
237
709
372
348
127
501
836
27
228
976
73
93
983
741
674
876
240
121
445
512
244
498
419
917
238
407
687
754
477
317
652
160
754
702
860
611
589
764
135
342
712
262
407
435
269
352
108
997
854
888
42
128
255
777
904
287
835
120
573
558
535
557
731
234
252
97
375
167
803
675
400
398
780
973
743
4
344
115
286
754
520
88
449
625
778
316
647
308
108
342
537
99
603
946
451
43
306
358
918
312
2
523
537
623
490
614
954
726
17
82
773
675
681
114
423
919
723
296
789
967
470
312
199
82
27
634
30
405
387
739
604
820
831
281
966
432
291
769
117
603
979
302
580
539
624
816
370
87
342
572
973
872
205
24
712
444
896
1000
425
375
660
921
130
683
640
461
211
118
161
464
725
210
288
857
73
194
485
437
837
663
931
940
969
894
157
749
235
469
990
714
840
417
6
9
448
842
755
759
246
914
637
694
369
844
437
248
933
691
933
547
95
928
69
800
381
139
447
419
323
457
400
815
457
712
645
807
3
201
798
611
724
801
845
415
515
339
664
650
294
312
352
941
102
253
627
387
725
210
569
1000
486
635
781
212
464
465
941
291
66
13
602
7
184
429
440
469
169
67
130
995
1000
753
280
656
531
935
205
26
364
72
534
44
853
424
157
927
939
930
457
9
108
713
340
579
803
714
54
257
330
597
244
818
700
502
310
475
389
474
677
282
787
207
10
890
933
782
360
751
827
126
474
88
415
386
51
228
524
129
482
223
571
524
542
264
227
401
719
472
975
885
385
673
663
188
208
538
934
976
82
111
737
379
702
899
224
783
674
849
983
179
196
769
307
609
332
13
922
206
254
81
210
626
178
185
240
245
34
641
702
20
280
867
662
6
844
457
949
406
796
150
903
145
730
755
403
171
26
377
63
531
338
149
747
145
177
481
703
961
499
37
719
711
465
365
948
907
783
713
979
221
399
744
740
565
90
867
769
800
401
657
174
524
537
766
388
844
906
149
517
803
677
90
10
60
264
544
736
618
45
398
729
688
384
474
114
314
324
902
617
559
431
267
264
794
929
215
786
441
745
25
756
965
760
296
843
503
735
527
579
810
157
960
339
938
114
366
958
94
181
697
779
380
381
700
204
855
773
627
140
67
121
320
186
319
769
594
101
534
543
77
29
567
362
414
552
283
841
89
965
379
329
973
804
396
947
227
683
225
581
180
448
496
19
363
986
986
207
565
59
227
5
766
195
662
114
297
159
243
50
447
137
443
152
90
337
296
634
265
783
667
167
33
765
853
652
840
310
411
250
874
296
823
793
12
366
360
369
934
149
954
379
63
632
940
686
91
150
860
102
976
635
8
860
766
47
980
613
799
925
927
884
954
495
806
804
691
636
576
995
691
634
884
994
112
281
122
197
938
118
268
995
208
580
791
850
379
729
27
756
384
272
45
787
771
344
567
483
569
433
947
310
786
2
606
91
122
15
570
87
884
963
365
640
450
842
732
993
560
972
441
165
305
762
866
295
660
513
664
451
500
707
385
283
256
760
795
207
331
637
496
714
873
54
780
420
822
524
715
953
426
496
699
848
125
710
314
149
972
483
235
396
204
298
869
526
654
143
60
684
281
275
79
661
271
791
303
909
434
324
113
521
754
228
384
969
946
582
341
981
414
957
920
634
683
497
954
160
559
243
351
318
748
711
105
719
601
354
88
216
26
352
580
248
777
899
39
90
516
234
433
27
923
652
120
380
171
680
10
505
239
959
568
75
144
327
127
290
404
462
655
517
962
766
481
887
353
796
231
931
642
389
163
13
681
258
882
215
733
850
532
75
713
441
744
995
557
933
188
391
954
299
945
768
716
593
988
787
166
443
1000
602
671
842
743
368
327
752
674
646
391
589
339
721
573
802
775
579
483
282
285
16
900
269
853
390
154
709
172
918
718
213
191
234
834
487
292
886
772
752
687
707
590
34
783
39
276
419
495
973
869
448
446
950
296
136
287
440
842
824
952
471
150
597
937
922
999
356
984
864
533
690
28
140
289
860
502
227
136
680
451
750
21
406
315
151
858
602
728
930
259
47
736
688
484
482
837
809
508
488
262
243
670
291
801
981
958
608
888
184
42
299
179
565
712
897
431
218
298
968
622
657
196
6
204
747
284
29
889
910
628
424
708
968
485
914
682
181
570
833
469
889
561
485
548
284
118
87
947
840
687
387
364
318
496
265
736
538
444
952
91
73
852
329
454
34
667
859
113
133
288
903
448
358
91
559
509
172
680
729
578
766
883
661
142
17
635
405
770
54
968
16
723
893
131
295
277
715
103
18
476
40
130
621
758
846
178
685
492
547
952
15
586
601
114
144
486
388
404
218
78
347
676
244
253
745
830
657
579
39
632
192
677
762
566
466
937
968
459
142
178
86
843
203
529
424
924
226
435
384
770
372
907
129
819
903
447
708
923
683
305
794
184
797
900
426
945
943
460
22
405
538
553
108
889
661
412
328
11
523
318
593
462
812
303
481
270
372
539
403
219
935
591
693
817
331
530
109
633
30
924
100
528
134
923
266
498
935
688
567
157
782
812
815
190
146
313
213
37
563
76
828
871
372
461
74
524
391
278
889
365
282
98
625
142
512
47
101
331
637
408
535
721
352
567
793
314
214
733
251
268
964
426
450
595
845
257
432
122
414
757
886
631
782
452
619
156
696
868
66
663
423
341
784
462
929
959
687
903
225
61
957
459
502
563
694
669
753
857
900
169
948
400
945
383
703
737
438
259
778
477
803
67
719
657
291
498
199
304
178
89
478
770
321
182
816
569
440
880
393
706
255
522
796
353
194
689
494
244
743
76
827
340
337
841
665
703
206
841
70
85
891
646
88
326
418
41
619
305
407
468
429
845
113
558
383
34
354
661
597
892
149
58
584
628
306
737
603
975
427
14
725
884
841
315
971
888
518
682
615
840
738
283
762
914
924
364
341
144
475
780
286
95
348
560
18
499
359
277
208
114
274
640
384
503
480
672
899
215
708
776
479
708
493
332
831
385
424
436
836
572
22
292
190
315
130
659
779
332
790
696
374
149
565
168
959
969
99
966
136
90
281
505
543
141
234
557
669
560
937
573
656
556
251
758
605
156
827
203
611
585
114
724
24
81
792
785
530
205
131
306
944
969
73
585
985
420
601
445
677
623
834
722
467
336
807
884
95
69
104
128
134
903
379
106
394
278
897
80
51
757
133
630
570
640
727
423
700
616
992
664
911
353
120
91
205
433
952
288
232
49
436
115
852
820
421
41
301
693
240
460
751
312
705
522
632
988
468
445
637
152
617
199
800
912
559
104
408
76
652
29
783
952
91
837
986
964
712
627
386
82
395
156
730
664
869
650
955
170
156
157
444
562
106
402
797
942
141
850
57
457
877
599
115
673
139
425
194
175
937
847
410
938
381
776
344
621
324
25
608
636
755
291
731
899
519
39
996
980
795
213
632
71
665
261
625
796
348
541
205
110
834
388
398
404
570
864
452
313
896
204
312
841
103
56
699
860
292
598
427
978
369
376
226
920
621
709
350
226
79
647
836
147
552
933
55
460
634
248
922
234
860
92
199
887
489
27
151
618
396
805
623
120
168
864
289
644
872
927
287
723
405
311
420
721
859
806
776
653
344
535
997
852
420
309
320
932
914
341
977
318
397
655
682
790
454
731
949
773
84
182
240
618
181
929
233
411
579
740
984
973
839
335
743
3
823
532
743
232
551
880
173
578
532
958
886
687
891
560
415
55
648
260
1000
953
412
547
493
504
668
65
493
655
184
902
625
179
896
972
8
36
880
583
86
986
544
855
839
6
536
378
460
243
617
624
674
292
292
349
839
64
93
129
286
37
486
298
776
706
349
111
533
866
740
380
644
162
92
892
660
726
164
906
23
680
276
704
222
167
684
419
345
743
250
254
259
185
604
318
579
872
285
895
716
59
718
137
669
906
744
998
152
886
148
93
359
155
70
903
642
698
673
21
105
342
909
894
893
136
156
901
750
611
94
923
791
760
315
220
784
733
410
79
384
511
207
592
144
917
85
641
110
28
48
38
950
145
395
340
920
435
716
214
302
973
452
218
463
176
69
173
997
499
497
287
777
739
882
782
495
234
364
33
367
685
405
119
750
950
583
165
198
625
222
829
878
719
974
981
330
867
450
198
348
705
426
207
921
325
736
433
940
866
388
868
838
97
672
916
115
388
564
170
61
432
249
977
173
233
301
793
948
37
628
169
505
631
443
151
404
625
271
353
459
576
514
762
678
876
118
316
919
910
150
85
541
241
916
31
792
102
454
484
172
276
146
623
186
69
541
283
637
814
451
114
64
261
76
587
993
211
379
954
465
342
600
574
963
595
928
101
475
416
702
35
273
887
748
697
660
953
648
545
747
612
243
387
327
521
932
199
121
966
616
998
407
571
986
671
88
654
106
351
200
639
740
723
784
925
785
932
339
303
918
344
722
990
997
725
375
992
792
330
289
453
179
598
580
611
39
515
669
668
390
356
681
244
251
94
305
752
401
56
29
387
675
990
787
155
412
978
20
617
667
214
691
628
240
372
319
392
176
664
717
315
333
567
527
798
205
965
203
706
157
87
554
418
266
260
505
412
254
475
529
680
672
71
448
990
557
672
631
310
861
883
914
68
624
581
941
61
600
490
49
555
113
257
430
314
394
645
527
902
502
261
353
112
455
400
71
576
304
266
847
476
859
610
434
752
172
996
535
533
28
150
108
562
76
299
763
10
97
180
212
483
567
991
328
88
194
72
551
942
576
875
219
625
82
634
118
22
256
316
866
152
404
860
680
523
96
832
364
323
633
80
874
152
17
574
180
542
876
310
352
501
698
353
171
93
142
927
342
793
34
548
450
72
315
71
903
858
106
820
895
29
410
884
235
605
809
282
345
69
28
368
240
12
780
863
456
742
933
928
100
343
323
655
883
328
159
742
873
905
569
784
445
265
210
867
766
463
908
504
215
241
146
473
377
337
56
576
783
869
144
856
430
143
338
747
918
186
606
733
557
697
121
531
789
80
415
834
209
587
551
541
627
287
750
757
774
85
7
696
910
28
887
921
638
715
345
133
89
806
261
865
273
435
765
221
294
171
440
228
357
955
464
894
580
240
17
309
506
420
401
727
593
3
649
753
153
278
40
20
406
199
818
897
148
220
298
352
612
842
845
724
123
189
278
435
619
4
432
945
428
692
190
809
362
479
215
596
447
99
657
79
811
696
758
137
723
656
396
691
745
237
867
246
701
346
118
581
852
641
682
81
366
100
554
502
289
96
157
311
360
863
548
125
420
52
95
711
661
724
345
420
996
754
719
788
919
390
568
395
987
814
513
421
769
433
494
314
753
479
481
793
927
975
265
469
713
555
513
370
964
420
520
581
539
335
84
835
156
888
895
549
321
131
21
744
925
177
518
225
415
464
970
998
12
387
944
952
321
457
624
818
256
369
93
433
582
809
787
371
127
52
942
820
839
772
591
723
351
130
737
893
149
812
432
455
892
273
879
543
324
79
193
201
819
268
851
129
350
991
450
524
32
81
352
955
780
894
610
832
712
793
23
388
764
357
921
551
992
54
285
941
789
242
112
464
304
555
960
297
177
25
523
23
844
142
672
764
582
787
870
175
447
812
543
485
440
892
231
427
919
605
724
718
662
524
438
477
219
644
580
917
268
34
675
742
226
41
197
604
563
948
772
653
165
637
145
900
74
228
598
592
164
306
704
461
394
575
816
446
139
312
892
888
155
337
161
383
543
708
481
844
599
772
113
351
858
228
824
208
886
668
49
37
734
601
974
657
870
445
788
148
531
38
142
992
717
178
478
565
913
296
529
829
248
672
93
58
492
718
324
523
35
680
902
600
539
344
622
596
3
742
449
684
720
674
716
174
158
274
442
294
228
77
232
944
736
100
178
393
125
573
987
424
978
805
565
517
904
499
516
496
623
476
180
150
954
822
708
55
132
569
99
85
642
795
772
579
420
185
304
494
659
353
918
535
106
388
275
140
138
503
259
8
285
521
970
641
362
841
655
57
26
443
174
405
782
227
211
45
770
853
848
286
726
758
910
217
30
330
653
961
938
385
827
579
138
176
447
167
243
912
271
879
290
445
182
632
742
986
868
258
890
696
791
4
752
141
305
86
491
111
931
427
745
229
732
686
331
196
287
886
68
943
832
620
825
345
737
433
958
470
686
289
195
304
688
739
383
949
347
374
574
306
733
512
132
917
653
987
448
262
378
600
220
370
517
257
149
163
806
432
839
3
162
582
731
549
884
309
24
241
63
959
428
583
569
753
214
133
49
87
512
196
784
878
759
656
339
789
507
67
269
317
699
471
237
172
370
103
325
703
799
779
562
475
502
663
62
807
850
193
215
612
15
966
336
923
559
655
427
405
463
384
809
661
861
848
66
612
117
369
511
893
89
362
229
737
965
373
749
362
147
619
314
864
798
216
243
710
315
821
822
957
640
148
2
476
537
284
991
655
880
512
543
285
815
922
58
670
889
497
314
104
858
147
774
270
272
215
317
34
147
858
997
349
774
325
4
204
80
653
934
20
534
898
150
806
198
470
889
348
33
885
387
778
46
706
8
984
678
556
177
210
221
263
769
426
694
310
504
887
270
759
466
3
158
325
967
15
234
252
222
190
37
131
446
805
233
670
332
516
207
169
505
785
336
841
34
87
564
644
918
538
877
718
482
457
891
171
363
300
979
386
815
322
171
845
420
616
243
591
548
193
458
359
417
81
306
555
261
27
814
53
259
589
299
208
494
942
397
603
949
95
448
417
611
581
462
185
101
46
821
831
535
463
660
467
36
23
432
412
127
42
722
216
972
899
367
867
279
448
810
996
683
448
546
603
242
887
938
395
539
901
118
65
817
812
338
93
613
31
858
319
954
547
893
499
126
838
785
338
152
769
887
238
68
915
752
244
416
87
573
71
969
577
204
392
876
105
994
544
576
305
272
876
974
777
216
519
603
5
971
497
536
816
280
507
672
441
405
756
451
205
689
172
68
542
316
930
379
781
953
865
918
132
794
579
170
860
250
473
966
478
525
926
244
224
845
773
274
786
136
983
737
20
131
346
258
306
70
670
360
146
83
474
670
487
500
463
461
808
906
45
395
263
411
566
953
520
567
14
540
307
292
834
314
823
281
33
250
487
482
684
981
181
296
851
698
837
927
429
805
206
970
399
969
566
108
312
557
217
70
58
981
579
701
663
706
265
843
16
144
221
323
951
345
426
117
112
58
604
248
306
477
828
391
386
60
353
241
107
817
588
510
976
923
645
838
242
301
329
948
557
678
64
56
13
818
917
281
164
517
633
405
21
942
313
887
523
846
348
971
201
344
592
831
745
592
540
683
21
192
358
830
540
450
620
850
254
369
242
324
292
109
902
745
26
730
243
626
134
990
219
734
513
648
250
327
617
838
156
904
445
11
262
787
602
500
259
688
665
285
210
442
40
77
731
484
69
809
753
950
868
367
947
703
561
297
397
519
582
584
74
175
25
239
284
754
985
705
230
678
403
10
58
667
615
12
352
833
514
174
899
605
743
814
523
743
767
20
463
526
244
837
467
462
451
286
391
738
977
637
589
700
950
392
646
114
841
558
224
718
482
565
756
534
417
735
284
993
94
270
143
890
665
46
773
58
282
397
214
460
282
479
775
893
11
76
557
138
392
116
681
204
177
610
464
5
463
155
49
530
870
385
5
399
139
550
362
151
417
21
510
437
1000
196
736
634
828
81
119
969
486
715
262
328
507
690
415
555
727
338
776
339
64
522
839
999
299
433
336
263
739
656
251
192
284
934
929
481
880
346
247
34
947
208
481
977
892
971
294
344
591
437
981
117
284
860
637
316
483
753
987
204
854
847
484
892
892
504
328
288
835
277
283
91
327
618
471
139
682
877
110
1000
48
753
206
274
123
301
367
807
697
412
823
488
9
287
616
360
739
845
72
795
29
578
978
96
732
832
771
597
225
122
656
142
28
538
193
127
475
187
152
947
791
458
255
783
520
984
920
16
852
410
571
577
993
667
885
468
330
996
677
612
848
426
507
290
755
537
392
735
132
575
673
493
334
381
487
44
963
969
786
671
697
191
325
729
712
159
163
934
608
164
230
886
378
240
10
660
995
63
499
521
321
641
1000
976
791
8
269
658
93
202
138
964
725
720
658
862
654
374
256
211
102
870
388
441
759
716
356
88
708
278
645
195
672
268
481
304
912
678
726
679
127
579
540
606
714
124
434
480
542
967
526
261
718
910
670
379
728
338
847
564
592
221
292
154
765
593
663
701
31
999
686
218
939
87
957
886
568
35
13
781
313
751
453
52
254
518
932
332
921
922
368
508
741
937
591
499
981
369
872
170
648
521
494
270
41
655
193
606
319
495
842
151
289
165
963
155
949
881
514
804
766
681
765
928
573
550
282
717
984
812
153
713
592
215
803
994
127
761
53
967
515
344
749
695
54
213
278
700
248
560
7
752
799
595
110
886
196
835
484
349
708
597
926
895
909
858
836
894
576
871
690
16
83
294
435
519
876
55
69
106
154
251
923
41
191
798
160
811
363
554
688
785
705
659
285
61
222
917
143
363
995
820
513
349
110
319
236
459
815
825
605
896
970
446
824
569
314
416
465
506
959
808
890
673
373
827
153
687
905
645
75
826
630
664
14
399
446
85
512
256
822
640
525
212
92
567
984
572
109
692
971
444
159
749
168
596
579
541
141
261
274
96
778
7
190
29
178
910
948
446
955
462
195
522
198
567
446
300
105
544
655
178
447
859
249
270
575
296
283
98
480
699
964
982
677
234
534
815
579
514
425
356
298
903
57
559
637
818
579
380
694
682
595
237
429
9
5
17
441
199
196
675
528
376
931
804
746
271
918
846
537
401
615
650
449
811
345
345
604
396
738
663
882
304
716
254
537
73
172
779
291
886
644
277
795
168
928
737
548
327
462
194
820
131
446
166
418
987
917
148
11
821
879
494
84
582
681
629
679
350
474
733
751
756
574
710
865
267
382
323
515
864
925
60
149
285
69
569
673
657
832
707
947
356
407
168
986
930
864
35
900
62
554
200
429
285
176
913
606
426
75
693
564
24
546
477
406
403
299
392
567
838
100
935
986
239
586
275
737
367
323
712
595
10
265
417
718
812
872
250
102
796
894
867
439
86
863
73
988
463
420
652
658
792
423
896
308
168
238
307
425
272
507
990
343
181
735
283
597
680
273
730
877
113
726
920
528
443
195
382
612
242
544
850
476
448
807
429
475
531
683
331
473
387
627
333
19
502
210
578
231
223
975
704
262
467
836
71
287
10
27
847
988
163
601
894
331
857
32
532
104
813
138
850
739
273
210
873
11
975
277
95
459
9
480
830
861
2
799
388
885
535
769
941
964
50
727
576
284
718
79
922
664
575
782
652
559
780
562
524
189
192
20
918
83
194
791
921
836
151
127
434
82
625
943
254
297
678
565
75
514
339
638
169
647
304
790
254
669
24
821
375
717
978
934
710
996
537
507
191
945
785
63
870
737
437
513
380
961
157
222
163
73
25
590
808
599
536
984
439
340
603
740
830
617
949
847
754
910
202
603
81
944
250
403
565
594
690
210
515
358
528
575
566
586
88
372
105
203
10
703
886
803
336
143
781
627
408
547
602
991
457
741
371
715
990
711
760
891
543
329
544
376
807
515
483
17
746
131
245
56
186
852
945
162
21
681
772
951
685
866
340
946
160
788
197
346
230
894
734
336
219
255
615
194
946
901
513
210
540
220
384
564
727
85
895
548
638
984
223
303
323
926
435
833
487
359
377
452
879
292
282
74
205
893
104
595
721
784
66
356
854
430
385
671
22
331
346
211
696
340
573
315
472
507
736
267
165
843
719
539
183
681
1
935
905
487
420
535
892
856
282
418
167
150
670
75
432
786
160
398
488
765
760
993
332
440
107
955
833
703
496
870
890
930
801
80
120
458
205
152
910
254
596
627
832
582
73
120
198
996
690
639
580
109
32
260
362
451
948
661
260
454
890
234
703
885
583
627
81
830
740
207
632
500
442
963
933
83
595
150
488
831
44
397
199
35
583
823
657
982
605
889
52
434
656
794
225
713
844
864
159
322
68
632
320
545
953
527
174
56
338
637
38
653
555
281
13
8
105
26
747
645
696
184
687
512
153
452
221
496
372
338
371
445
118
849
512
881
311
575
329
989
454
756
709
21
440
840
731
718
917
884
593
323
970
688
843
186
23
979
453
952
560
924
265
809
321
686
427
985
422
117
557
245
81
701
812
170
329
499
481
361
395
520
985
588
243
518
391
811
661
144
757
694
315
508
627
334
497
433
459
223
270
11
553
729
559
132
788
44
847
221
373
743
502
467
872
125
699
781
513
685
189
561
45
729
155
466
597
839
411
426
528
629
367
150
822
50
215
673
731
653
337
250
146
837
444
493
628
729
552
361
959
197
898
853
74
674
841
384
979
469
540
363
499
58
322
167
430
946
389
489
332
492
39
513
572
539
96
119
846
972
490
24
389
466
987
227
486
238
772
148
841
528
410
445
172
228
611
132
45
412
281
555
971
595
989
337
960
835
490
591
322
480
248
782
309
509
768
217
349
75
544
287
309
465
861
248
496
4
869
757
421
258
399
991
750
708
536
345
636
801
126
314
132
634
387
212
157
255
389
614
719
420
796
225
329
592
676
421
808
718
996
894
858
411
923
71
128
488
868
25
570
178
334
989
577
433
454
935
884
457
554
495
938
676
163
37
811
986
215
969
647
876
359
367
771
244
307
194
164
500
999
339
547
973
872
915
28
493
665
224
770
73
963
214
477
966
121
199
859
492
809
687
167
933
6
143
249
972
376
86
362
835
956
626
221
257
317
879
345
355
389
43
509
369
767
111
33
446
906
699
45
984
415
625
58
690
458
251
909
254
783
941
927
553
79
826
586
177
129
584
127
944
186
155
229
132
834
853
42
988
780
195
213
412
555
580
199
895
692
894
813
763
813
370
487
831
650
3
452
104
604
12
808
885
267
750
431
894
401
371
346
958
973
690
991
795
138
332
418
225
524
32
444
110
773
119
155
819
14
518
168
714
533
65
551
615
777
467
232
904
541
17
445
539
350
52
656
837
500
585
181
907
425
959
968
26
269
402
590
2
88
279
758
273
415
705
576
674
320
64
492
445
859
815
452
247
418
953
482
822
963
327
776
636
156
226
383
267
919
54
273
289
219
893
802
423
58
384
706
398
157
381
332
228
196
880
503
250
256
80
152
962
77
227
97
589
667
425
962
352
258
449
202
550
925
711
644
930
632
636
968
400
502
117
646
828
16
774
12
196
827
532
281
968
459
896
953
383
345
386
626
248
317
666
933
535
802
312
671
132
167
69
319
791
398
367
894
344
654
672
107
690
181
617
905
895
34
702
876
267
404
841
409
429
934
37
740
44
276
125
353
231
560
72
568
963
604
973
7
376
288
293
405
717
931
440
454
88
195
330
999
666
463
419
90
800
704
87
477
412
758
796
723
737
823
600
239
462
91
226
44
372
233
777
599
729
228
399
607
810
347
36
503
787
377
121
635
4
123
885
98
662
975
794
410
221
776
11
637
231
711
383
157
720
397
842
709
178
454
467
13
706
281
321
432
863
249
450
809
515
654
498
795
988
450
824
147
95
344
264
2
112
317
305
602
958
260
995
288
40
141
59
107
261
379
95
698
439
655
972
846
98
705
519
482
813
967
879
173
20
540
414
934
753
585
399
409
970
172
837
611
588
616
972
571
114
459
372
714
895
658
619
500
963
152
167
389
462
179
594
142
602
334
401
466
856
28
307
660
967
620
896
305
265
92
147
885
277
480
257
859
112
42
511
223
262
948
42
287
854
77
235
695
977
544
136
743
641
308
314
493
899
617
787
84
443
817
600
204
394
516
655
440
171
513
759
591
543
861
949
129
167
464
344
843
116
249
23
971
994
866
3
517
946
746
649
632
121
417
67
584
574
518
852
987
130
168
516
823
784
410
877
997
761
669
224
127
659
497
726
27
621
196
347
53
489
712
52
582
115
60
692
367
747
338
597
468
473
860
490
527
204
894
850
408
580
402
807
51
582
585
720
888
520
799
654
575
862
533
396
389
237
817
904
900
395
850
852
446
561
898
568
340
566
971
54
101
703
488
480
277
403
578
78
964
108
52
85
263
263
348
477
705
459
188
138
100
932
413
274
168
608
679
995
647
617
365
67
722
70
94
915
225
996
527
54
51
386
717
563
297
666
700
397
345
106
515
613
890
943
275
786
939
390
405
396
403
414
991
24
190
514
600
975
427
75
841
199
551
757
214
118
151
274
696
40
82
177
649
267
525
61
101
555
932
235
925
276
215
13
538
149
888
47
951
668
678
822
644
249
819
528
821
690
281
499
768
565
343
396
449
43
336
72
841
182
592
820
281
641
527
752
201
818
910
310
632
990
809
792
690
166
836
445
804
696
526
768
829
249
44
603
387
530
885
1
767
560
962
674
959
520
537
788
581
751
377
256
373
149
823
559
272
537
739
606
861
351
405
157
658
379
94
396
231
938
979
443
684
948
748
150
396
428
325
215
159
74
367
743
655
683
46
653
364
688
411
416
243
546
949
8
702
848
153
214
586
891
737
779
202
312
176
84
398
591
83
781
930
754
471
778
167
619
513
974
490
496
330
215
625
169
794
536
826
894
178
201
87
348
874
155
152
418
619
365
319
356
930
787
50
620
178
354
900
995
965
301
491
802
773
622
458
259
777
289
712
704
990
137
956
512
261
932
875
540
443
847
468
983
785
408
819
687
294
858
825
433
465
27
548
549
959
730
26
165
939
354
851
323
317
791
462
988
898
991
69
892
790
215
105
513
566
22
877
291
264
194
276
666
683
68
429
69
794
665
328
886
398
40
747
591
595
12
549
822
680
972
386
836
151
747
146
430
330
828
899
808
479
146
877
315
1000
897
255
575
668
104
670
313
131
346
252
893
707
649
960
238
945
848
419
175
517
739
88
55
408
24
239
741
853
779
173
211
429
663
741
147
493
312
76
880
624
248
828
296
812
750
722
637
643
238
385
404
328
536
402
949
856
81
996
757
167
103
798
81
912
372
693
468
421
785
13
582
416
918
918
153
781
947
367
567
284
802
705
668
194
923
32
684
243
581
627
825
474
490
1000
298
569
68
46
578
897
13
317
957
22
81
240
334
938
86
912
944
402
442
493
211
996
243
20
218
566
890
885
133
464
975
484
174
80
309
934
187
685
836
705
988
651
326
743
136
94
825
176
932
372
475
970
646
607
534
69
650
784
503
764
715
18
281
898
357
735
93
370
640
389
940
436
412
958
277
972
414
799
540
555
538
642
623
979
757
429
539
1
543
20
170
262
659
124
329
604
273
254
598
349
938
677
751
23
486
718
518
131
495
383
53
382
406
888
908
762
70
451
255
860
908
5
294
564
277
690
751
196
817
666
443
23
398
857
135
796
336
343
41
220
723
626
490
632
749
60
951
562
740
188
579
761
12
896
491
56
232
287
786
183
957
294
629
776
346
809
755
362
271
67
325
455
281
839
599
931
61
414
851
350
984
432
262
104
38
44
870
615
840
45
44
945
972
180
699
316
127
373
510
446
997
912
22
690
119
123
600
487
737
651
923
104
367
282
650
22
31
135
4
218
708
604
518
73
45
491
198
981
574
61
381
241
733
19
331
367
773
826
771
661
262
549
88
830
33
70
179
475
331
3
720
643
368
689
73
464
550
829
421
396
477
614
552
327
534
180
746
563
825
992
594
503
188
304
390
180
941
220
506
349
244
470
760
82
398
995
643
313
243
608
465
682
314
563
166
881
618
4
184
838
774
943
553
237
510
144
500
755
338
49
966
270
990
534
826
644
439
648
287
610
694
7
531
250
144
325
941
264
396
255
107
939
466
177
436
334
251
331
350
122
26
772
202
752
213
62
596
140
630
195
844
175
367
292
38
443
542
585
87
282
890
176
30
397
126
35
364
288
314
142
43
615
600
19
583
242
961
171
637
598
488
370
613
131
351
954
434
700
247
828
611
261
460
117
290
695
669
144
42
365
59
443
284
19
807
593
840
105
418
437
475
163
632
758
926
604
751
345
815
903
705
262
480
647
177
810
670
70
424
654
488
417
819
136
485
315
294
583
325
75
538
317
748
947
804
14
919
740
410
754
988
798
927
613
839
840
180
351
680
326
197
229
766
851
137
330
342
119
970
529
649
89
517
1000
307
694
398
244
595
323
372
628
680
191
637
35
819
335
552
792
860
224
622
127
983
920
80
702
485
548
217
715
19
606
683
805
516
851
139
430
321
341
267
169
180
929
140
362
226
518
300
940
295
491
844
499
143
948
422
403
965
610
447
327
709
293
778
461
586
470
304
178
494
860
874
119
728
704
673
346
998
76
795
692
304
585
375
63
343
635
477
465
918
622
185
48
84
244
697
160
36
404
396
556
287
828
381
769
871
329
288
162
737
829
840
116
636
535
326
849
1000
547
203
614
387
33
482
598
101
720
195
594
880
475
16
669
373
884
820
472
155
390
503
850
240
141
510
609
939
336
50
765
773
111
213
997
155
145
891
376
82
665
685
562
901
924
395
821
282
367
154
887
895
564
594
107
984
106
149
256
561
857
386
236
914
72
543
304
306
733
75
102
572
784
303
532
363
165
959
537
370
141
507
804
109
995
10
245
436
500
984
420
594
439
994
889
72
977
179
648
717
680
167
411
962
246
724
529
832
164
159
280
171
418
807
434
46
254
421
643
349
293
747
334
345
311
674
961
255
17
690
175
705
386
80
398
417
995
802
903
377
331
914
752
733
467
606
489
944
618
958
546
762
216
170
490
986
386
360
893
834
804
746
214
937
597
374
536
760
503
627
497
803
415
627
197
155
959
877
635
980
406
232
218
963
383
328
934
676
910
428
372
492
407
919
661
71
391
564
19
575
437
462
358
812
565
6
829
703
53
631
323
667
600
612
130
968
25
774
603
507
30
772
788
463
639
339
39
689
934
748
129
520
303
106
242
24
843
872
35
902
224
885
605
652
320
741
856
516
184
179
997
773
299
369
83
302
782
519
295
225
416
248
53
441
414
935
590
128
354
162
951
843
294
352
477
993
829
673
996
14
375
538
883
654
658
797
678
944
819
32
503
598
915
966
324
846
119
462
435
590
676
971
522
671
714
375
881
6
6
329
201
748
470
613
50
323
597
699
798
776
278
375
26
594
396
863
4
452
729
1000
784
693
865
272
485
696
891
735
317
520
902
81
554
272
26
896
909
294
117
57
483
644
59
948
257
785
508
887
340
782
721
378
143
690
348
883
169
328
911
460
3
796
670
213
19
117
219
717
129
265
730
267
574
611
656
907
700
141
723
68
28
474
467
605
15
467
119
328
617
483
153
832
183
401
353
521
734
523
1000
98
991
314
680
182
807
834
741
162
672
296
511
297
373
536
415
200
257
104
103
767
38
390
857
318
260
51
242
472
117
889
947
729
308
358
973
238
287
801
961
86
387
563
632
31
596
411
529
684
346
920
308
717
713
22
568
916
407
399
400
329
993
899
408
456
322
14
828
122
574
790
122
680
192
920
646
821
993
170
217
330
39
194
330
804
384
889
958
927
673
235
956
824
968
752
4
514
845
469
591
941
344
309
71
963
427
34
59
525
772
953
283
145
46
615
892
360
832
529
418
860
463
246
458
327
803
853
925
704
382
161
423
511
830
819
892
710
885
695
552
934
458
283
648
333
882
711
185
557
599
150
852
554
826
391
256
370
456
408
386
538
108
130
480
924
102
289
833
785
581
280
768
234
441
139
43
870
649
670
544
301
468
636
212
542
922
347
542
647
958
320
911
818
985
50
870
867
727
754
495
838
708
457
961
917
427
21
243
8
476
617
63
639
259
449
594
721
193
129
351
232
115
680
756
432
652
768
721
288
571
303
317
677
316
7
402
22
613
50
716
134
850
691
225
310
450
362
256
596
384
972
48
565
223
159
260
214
216
319
323
265
750
2
381
607
589
247
900
542
384
823
118
408
678
186
465
211
37
789
161
92
430
525
37
424
699
969
513
376
409
118
986
710
255
678
755
98
567
667
195
532
710
905
598
304
441
994
444
541
594
550
480
484
639
172
347
147
760
384
438
313
774
416
657
77
43
225
383
264
297
424
4
779
336
876
196
79
706
667
414
857
688
393
20
369
834
81
232
973
307
98
69
731
681
606
780
612
615
565
970
404
885
523
672
490
766
867
728
539
264
117
272
550
406
518
546
426
191
15
850
405
574
209
501
959
163
107
75
747
454
749
6
320
158
72
980
144
734
639
758
709
817
110
673
750
381
258
772
780
29
832
612
846
408
245
189
837
151
677
564
833
164
690
686
863
835
334
584
172
290
804
774
939
408
850
238
122
630
16
718
126
120
862
220
676
944
722
6
565
444
740
492
255
239
694
2
541
184
34
985
613
817
600
410
765
874
322
869
753
275
542
421
95
647
884
264
762
204
340
398
701
857
607
271
306
708
67
985
129
45
51
953
620
374
849
146
306
899
445
221
159
555
595
53
615
58
154
704
666
730
498
238
309
724
42
123
612
191
101
586
775
373
837
365
831
353
516
574
522
513
239
308
177
144
652
235
207
311
298
627
457
668
234
747
96
503
257
11
387
509
141
428
788
375
376
509
969
8
398
263
845
909
804
327
124
828
372
908
792
149
63
510
635
37
263
639
875
90
320
231
500
550
765
531
796
32
684
306
505
267
655
823
48
155
478
922
363
225
187
915
829
653
567
252
247
280
90
866
469
433
613
728
934
637
272
286
913
461
242
900
714
556
719
885
679
872
850
45
768
620
90
684
452
860
49
370
462
233
973
903
626
119
177
747
243
128
388
412
630
361
717
191
465
609
149
726
332
871
202
566
648
650
776
943
52
362
519
693
726
841
992
743
644
522
102
203
630
588
696
156
65
587
679
785
825
72
991
392
142
613
235
313
587
876
517
871
935
626
809
652
530
749
348
167
470
451
181
282
788
376
601
6
844
731
86
874
379
225
360
978
680
830
280
907
164
786
522
106
44
117
593
903
647
547
797
122
582
321
481
63
126
185
777
661
83
133
638
722
5
880
971
40
96
614
34
49
85
565
537
511
799
324
737
46
306
210
945
119
408
240
215
954
554
119
908
992
357
104
282
743
521
816
689
773
840
285
410
811
658
885
601
474
772
792
15
884
499
466
975
654
438
897
951
738
723
804
737
469
420
603
522
968
524
699
833
518
287
791
246
234
188
663
24
126
891
179
318
991
408
856
469
819
245
336
617
919
105
995
430
571
111
167
974
973
757
484
538
24
811
444
446
356
443
399
45
838
892
952
304
254
138
32
552
781
355
567
923
657
729
855
76
97
989
385
42
831
593
477
392
927
629
721
975
472
188
949
461
331
247
124
328
895
585
161
279
711
44
977
575
595
868
938
287
172
711
453
955
130
477
98
713
47
548
118
873
755
45
602
555
549
758
664
983
990
32
603
84
493
777
70
309
57
793
739
439
772
286
31
965
993
920
685
304
224
191
341
648
347
747
949
716
892
669
357
839
34
564
745
663
19
963
809
414
742
25
904
454
302
484
107
188
692
441
240
409
743
431
517
869
177
300
208
676
835
693
296
784
1
941
418
555
198
416
543
131
130
292
89
138
430
215
756
638
683
310
268
137
201
922
699
935
818
627
643
441
216
451
928
701
596
325
812
595
42
290
380
173
363
492
622
238
793
77
476
284
966
304
300
958
384
585
397
806
240
428
505
63
911
507
483
805
172
688
953
458
20
72
327
304
373
866
948
867
884
289
369
953
181
805
90
517
113
230
383
424
580
374
817
84
376
619
217
915
813
403
996
108
804
306
67
840
519
877
28
217
593
937
684
476
642
263
481
815
854
78
994
376
400
658
227
667
690
560
99
699
304
139
173
351
146
279
49
561
865
279
71
379
752
760
157
293
914
994
458
494
630
153
4
288
841
781
154
11
149
700
595
980
475
267
24
460
406
717
196
767
715
787
941
307
832
484
447
547
862
830
40
961
260
533
465
21
40
398
391
460
777
723
725
596
364
299
152
211
183
348
212
406
956
256
386
571
621
634
424
341
521
892
411
178
655
484
259
264
253
225
244
424
887
267
36
610
883
63
590
836
551
387
217
536
384
865
115
519
131
477
457
206
221
541
909
725
237
502
768
41
440
545
280
505
224
505
2
467
59
812
663
194
889
57
177
613
566
589
18
369
546
675
315
747
515
913
989
176
103
761
49
518
32
845
390
158
427
631
399
77
945
825
275
890
227
584
868
330
190
929
283
597
827
914
441
757
469
264
725
418
839
290
418
889
81
728
868
196
449
921
323
929
981
860
207
124
822
575
278
213
649
492
258
471
655
699
992
763
375
268
76
467
457
390
918
134
904
173
103
877
124
871
584
727
757
719
872
394
996
603
617
499
214
753
416
490
663
578
960
913
75
492
373
455
242
511
855
621
505
697
601
693
681
267
627
25
587
56
807
344
205
736
820
795
458
808
695
47
949
905
3
349
744
11
116
966
622
928
188
400
604
785
856
342
607
363
550
727
446
186
398
923
398
877
185
371
136
468
150
141
179
480
260
790
211
16
741
404
707
817
669
321
716
972
454
130
718
516
150
207
301
373
512
366
669
448
197
299
649
223
231
585
917
85
611
243
463
119
308
143
21
747
636
317
337
689
983
63
566
576
50
798
39
556
285
138
689
9
316
25
535
37
237
656
445
634
992
982
561
76
116
182
678
744
742
906
67
788
515
651
647
989
624
763
73
9
756
980
649
495
505
185
633
58
440
451
508
288
209
123
336
371
423
486
281
532
506
914
584
69
925
252
387
237
804
337
873
27
43
358
124
208
995
303
505
754
224
437
212
40
313
473
954
293
118
656
313
629
491
576
410
585
611
354
966
727
124
989
82
542
255
730
290
60
135
699
234
620
941
315
411
834
142
72
773
872
757
578
954
58
933
43
562
122
199
685
597
180
581
46
818
657
734
669
113
916
234
170
780
987
681
197
661
455
37
499
948
50
733
91
52
149
966
970
450
162
512
715
640
695
144
861
383
390
307
820
367
530
380
695
960
882
354
265
805
182
254
202
873
270
727
512
427
776
876
484
716
371
982
337
562
573
41
94
299
825
554
576
955
279
764
335
531
72
57
605
833
37
240
631
571
299
332
570
120
583
531
698
285
195
678
911
766
648
207
570
420
153
766
747
828
824
566
812
593
348
68
970
721
269
564
562
286
569
332
636
918
380
637
722
750
100
714
882
688
975
784
416
625
307
978
161
29
786
183
464
518
110
805
407
711
595
668
827
125
98
724
536
348
155
997
58
32
918
477
334
614
187
641
279
258
413
598
177
452
727
168
607
646
397
833
26
652
104
353
65
276
640
194
841
955
754
354
659
76
927
960
895
990
664
34
86
410
219
348
760
525
332
386
158
676
268
405
659
372
257
415
749
431
101
642
297
646
254
847
458
108
85
847
274
811
717
171
172
2
215
496
798
339
653
981
86
602
481
201
227
444
961
975
865
986
427
129
578
338
141
429
400
150
244
896
596
366
659
861
511
994
71
518
641
499
678
163
695
34
147
525
298
376
806
708
329
225
227
772
442
486
229
694
997
544
967
445
462
367
315
63
533
189
90
447
56
309
708
291
215
504
185
430
314
789
288
949
848
947
804
876
488
768
47
83
247
718
347
801
175
319
653
2
574
240
853
190
275
817
246
862
699
71
416
837
756
761
471
709
387
543
177
96
549
534
16
627
688
764
518
403
950
199
767
405
465
697
673
278
769
879
443
113
966
343
386
230
845
847
741
708
817
122
112
783
273
48
251
254
280
979
743
282
753
500
436
68
487
471
432
627
31
33
342
396
596
745
426
880
872
935
799
192
237
824
974
917
503
476
983
800
25
109
78
638
796
740
533
875
952
778
899
725
865
958
291
292
105
777
813
290
762
311
18
706
525
861
293
366
959
240
288
378
528
832
239
988
955
512
403
755
231
580
881
884
725
157
965
201
548
949
837
981
706
632
289
666
126
15
570
187
96
258
221
702
463
163
548
938
946
429
86
797
729
23
192
853
986
763
618
944
327
723
692
156
768
620
670
798
666
18
298
221
362
374
656
325
987
854
528
168
180
873
695
324
53
905
732
304
319
168
505
7
400
423
927
512
249
405
634
617
427
619
888
527
764
354
138
138
836
38
551
112
592
66
895
803
803
448
340
738
41
906
207
361
806
396
143
177
460
363
850
83
148
213
231
835
841
277
139
389
491
419
82
831
285
373
854
117
358
211
480
736
848
87
508
616
369
947
1
337
858
635
408
516
874
140
178
177
518
626
867
204
122
972
768
498
146
893
169
18
462
194
126
213
390
984
30
300
493
362
948
104
969
669
253
530
934
672
979
223
644
480
817
379
706
696
940
8
718
91
968
840
207
743
19
364
980
735
925
675
337
873
849
60
912
134
29
536
924
166
122
903
581
854
956
961
854
504
486
375
816
647
306
126
225
123
969
36
99
413
942
63
509
401
607
272
630
444
113
208
82
430
679
921
252
716
883
437
989
402
720
618
131
930
775
747
93
792
237
873
142
644
353
818
146
74
985
179
927
518
141
638
369
772
144
511
943
814
200
123
650
567
459
141
849
135
859
788
361
26
605
319
996
748
55
274
81
509
666
817
963
229
318
605
63
822
497
210
852
473
93
483
521
511
409
3
628
274
879
833
79
736
692
885
893
602
2
207
929
66
54
402
742
894
609
746
941
435
388
130
787
486
833
191
662
325
805
962
416
793
998
950
186
930
762
802
64
1000
982
936
209
91
70
793
762
332
340
748
611
941
2
558
644
193
874
21
157
88
722
17
506
134
819
119
788
683
465
576
182
198
957
416
340
902
889
142
750
19
409
134
343
106
908
651
324
853
707
811
967
389
319
888
560
739
224
445
817
214
663
381
130
511
666
719
587
665
397
828
695
381
482
395
602
530
323
122
213
593
175
359
409
555
34
992
89
937
904
139
770
516
531
878
842
573
502
277
254
663
654
51
603
564
98
855
389
121
164
839
921
469
750
538
330
787
98
385
821
987
888
615
589
822
921
135
945
991
82
988
482
208
182
462
970
991
627
874
986
782
313
254
613
713
953
441
152
69
111
707
311
740
823
501
33
39
208
94
